# step,  Energy, magenetization 
0	-40000.000000	10000.000000	0.300000
1	-39256.000000	9906.000000	0.300000
2	-39068.000000	9882.000000	0.300000
3	-38840.000000	9850.000000	0.300000
4	-38536.000000	9810.000000	0.300000
5	-38492.000000	9804.000000	0.300000
6	-38692.000000	9830.000000	0.300000
7	-38620.000000	9822.000000	0.300000
8	-38300.000000	9780.000000	0.300000
9	-38404.000000	9790.000000	0.300000
10	-38488.000000	9806.000000	0.300000
11	-38368.000000	9790.000000	0.300000
12	-38396.000000	9792.000000	0.300000
13	-38168.000000	9758.000000	0.300000
14	-38532.000000	9808.000000	0.300000
15	-38592.000000	9822.000000	0.300000
16	-38632.000000	9824.000000	0.300000
17	-38704.000000	9832.000000	0.300000
18	-38600.000000	9810.000000	0.300000
19	-38464.000000	9798.000000	0.300000
20	-38716.000000	9832.000000	0.300000
21	-38452.000000	9800.000000	0.300000
22	-38260.000000	9772.000000	0.300000
23	-38296.000000	9778.000000	0.300000
24	-38256.000000	9776.000000	0.300000
25	-38452.000000	9800.000000	0.300000
26	-38292.000000	9784.000000	0.300000
27	-38380.000000	9792.000000	0.300000
28	-38404.000000	9790.000000	0.300000
29	-38480.000000	9802.000000	0.300000
30	-38184.000000	9766.000000	0.300000
31	-38384.000000	9790.000000	0.300000
32	-38160.000000	9762.000000	0.300000
33	-38480.000000	9802.000000	0.300000
34	-38516.000000	9808.000000	0.300000
35	-38560.000000	9816.000000	0.300000
36	-38512.000000	9810.000000	0.300000
37	-38548.000000	9814.000000	0.300000
38	-38584.000000	9816.000000	0.300000
39	-38652.000000	9824.000000	0.300000
40	-38372.000000	9788.000000	0.300000
41	-38656.000000	9828.000000	0.300000
42	-38412.000000	9790.000000	0.300000
43	-38412.000000	9788.000000	0.300000
44	-38476.000000	9792.000000	0.300000
45	-38536.000000	9808.000000	0.300000
46	-38512.000000	9806.000000	0.300000
47	-38192.000000	9762.000000	0.300000
48	-38300.000000	9780.000000	0.300000
49	-38088.000000	9750.000000	0.300000
50	-38100.000000	9754.000000	0.300000
51	-38164.000000	9764.000000	0.300000
52	-38564.000000	9814.000000	0.300000
53	-38488.000000	9804.000000	0.300000
54	-38420.000000	9796.000000	0.300000
55	-38324.000000	9776.000000	0.300000
56	-38244.000000	9770.000000	0.300000
57	-38572.000000	9806.000000	0.300000
58	-38340.000000	9776.000000	0.300000
59	-38292.000000	9778.000000	0.300000
60	-38520.000000	9802.000000	0.300000
61	-38464.000000	9796.000000	0.300000
62	-38544.000000	9808.000000	0.300000
63	-38572.000000	9818.000000	0.300000
64	-38560.000000	9816.000000	0.300000
65	-38600.000000	9822.000000	0.300000
66	-38488.000000	9804.000000	0.300000
67	-38552.000000	9814.000000	0.300000
68	-38356.000000	9784.000000	0.300000
69	-38616.000000	9820.000000	0.300000
70	-38808.000000	9848.000000	0.300000
71	-38432.000000	9792.000000	0.300000
72	-38408.000000	9788.000000	0.300000
73	-38376.000000	9790.000000	0.300000
74	-38696.000000	9832.000000	0.300000
75	-38712.000000	9832.000000	0.300000
76	-38316.000000	9780.000000	0.300000
77	-38612.000000	9822.000000	0.300000
78	-38668.000000	9830.000000	0.300000
79	-38568.000000	9818.000000	0.300000
80	-38428.000000	9792.000000	0.300000
81	-38472.000000	9798.000000	0.300000
82	-38448.000000	9800.000000	0.300000
83	-38388.000000	9792.000000	0.300000
84	-38636.000000	9824.000000	0.300000
85	-38688.000000	9828.000000	0.300000
86	-38544.000000	9810.000000	0.300000
87	-38532.000000	9814.000000	0.300000
88	-38548.000000	9810.000000	0.300000
89	-38292.000000	9778.000000	0.300000
90	-38200.000000	9766.000000	0.300000
91	-38360.000000	9788.000000	0.300000
92	-38488.000000	9806.000000	0.300000
93	-38436.000000	9800.000000	0.300000
94	-38712.000000	9832.000000	0.300000
95	-38436.000000	9796.000000	0.300000
96	-38400.000000	9790.000000	0.300000
97	-38424.000000	9790.000000	0.300000
98	-38420.000000	9792.000000	0.300000
99	-38392.000000	9792.000000	0.300000
100	-38272.000000	9772.000000	0.300000
101	-38152.000000	9762.000000	0.300000
102	-38348.000000	9788.000000	0.300000
103	-38628.000000	9826.000000	0.300000
104	-38612.000000	9820.000000	0.300000
105	-38544.000000	9808.000000	0.300000
106	-38660.000000	9826.000000	0.300000
107	-38480.000000	9802.000000	0.300000
108	-38388.000000	9786.000000	0.300000
109	-38496.000000	9806.000000	0.300000
110	-38480.000000	9802.000000	0.300000
111	-38520.000000	9812.000000	0.300000
112	-38336.000000	9788.000000	0.300000
113	-38344.000000	9788.000000	0.300000
114	-38552.000000	9810.000000	0.300000
115	-38672.000000	9824.000000	0.300000
116	-38544.000000	9810.000000	0.300000
117	-38768.000000	9838.000000	0.300000
118	-38668.000000	9828.000000	0.300000
119	-38848.000000	9852.000000	0.300000
120	-38712.000000	9828.000000	0.300000
121	-38512.000000	9808.000000	0.300000
122	-38528.000000	9810.000000	0.300000
123	-38544.000000	9810.000000	0.300000
124	-38428.000000	9798.000000	0.300000
125	-38600.000000	9818.000000	0.300000
126	-38164.000000	9760.000000	0.300000
127	-38264.000000	9778.000000	0.300000
128	-38608.000000	9820.000000	0.300000
129	-38696.000000	9830.000000	0.300000
130	-38364.000000	9788.000000	0.300000
131	-38392.000000	9792.000000	0.300000
132	-38276.000000	9772.000000	0.300000
133	-38800.000000	9846.000000	0.300000
134	-38564.000000	9818.000000	0.300000
135	-38540.000000	9814.000000	0.300000
136	-38244.000000	9776.000000	0.300000
137	-38420.000000	9792.000000	0.300000
138	-38632.000000	9824.000000	0.300000
139	-38484.000000	9806.000000	0.300000
140	-38612.000000	9820.000000	0.300000
141	-38504.000000	9808.000000	0.300000
142	-38480.000000	9802.000000	0.300000
143	-38440.000000	9800.000000	0.300000
144	-38584.000000	9818.000000	0.300000
145	-38468.000000	9802.000000	0.300000
146	-38572.000000	9818.000000	0.300000
147	-38712.000000	9836.000000	0.300000
148	-38776.000000	9842.000000	0.300000
149	-38584.000000	9820.000000	0.300000
150	-38808.000000	9844.000000	0.300000
151	-38452.000000	9800.000000	0.300000
152	-38624.000000	9820.000000	0.300000
153	-38556.000000	9812.000000	0.300000
154	-38628.000000	9820.000000	0.300000
155	-38640.000000	9826.000000	0.300000
156	-38736.000000	9838.000000	0.300000
157	-38504.000000	9802.000000	0.300000
158	-38504.000000	9804.000000	0.300000
159	-38260.000000	9776.000000	0.300000
160	-38236.000000	9772.000000	0.300000
161	-38612.000000	9824.000000	0.300000
162	-38752.000000	9840.000000	0.300000
163	-38664.000000	9828.000000	0.300000
164	-38520.000000	9804.000000	0.300000
165	-38520.000000	9812.000000	0.300000
166	-38420.000000	9794.000000	0.300000
167	-38388.000000	9790.000000	0.300000
168	-38636.000000	9824.000000	0.300000
169	-38572.000000	9818.000000	0.300000
170	-38500.000000	9808.000000	0.300000
171	-38520.000000	9810.000000	0.300000
172	-38444.000000	9798.000000	0.300000
173	-38344.000000	9782.000000	0.300000
174	-38544.000000	9810.000000	0.300000
175	-38476.000000	9798.000000	0.300000
176	-38552.000000	9812.000000	0.300000
177	-38400.000000	9786.000000	0.300000
178	-38432.000000	9792.000000	0.300000
179	-38396.000000	9794.000000	0.300000
180	-38580.000000	9814.000000	0.300000
181	-38404.000000	9788.000000	0.300000
182	-38428.000000	9788.000000	0.300000
183	-38396.000000	9784.000000	0.300000
184	-38504.000000	9802.000000	0.300000
185	-38428.000000	9798.000000	0.300000
186	-38464.000000	9800.000000	0.300000
187	-38472.000000	9798.000000	0.300000
188	-38528.000000	9808.000000	0.300000
189	-38416.000000	9792.000000	0.300000
190	-38408.000000	9792.000000	0.300000
191	-38520.000000	9808.000000	0.300000
192	-38300.000000	9782.000000	0.300000
193	-38396.000000	9792.000000	0.300000
194	-38328.000000	9780.000000	0.300000
195	-38324.000000	9782.000000	0.300000
196	-38428.000000	9796.000000	0.300000
197	-38564.000000	9814.000000	0.300000
198	-38556.000000	9810.000000	0.300000
199	-38536.000000	9808.000000	0.300000
200	-38248.000000	9774.000000	0.300000
201	-38048.000000	9750.000000	0.300000
202	-38328.000000	9786.000000	0.300000
203	-38372.000000	9788.000000	0.300000
204	-38360.000000	9788.000000	0.300000
205	-38420.000000	9796.000000	0.300000
206	-38228.000000	9770.000000	0.300000
207	-38280.000000	9772.000000	0.300000
208	-38444.000000	9800.000000	0.300000
209	-38444.000000	9798.000000	0.300000
210	-38336.000000	9784.000000	0.300000
211	-38476.000000	9802.000000	0.300000
212	-38384.000000	9790.000000	0.300000
213	-38608.000000	9818.000000	0.300000
214	-38696.000000	9830.000000	0.300000
215	-38640.000000	9826.000000	0.300000
216	-38564.000000	9814.000000	0.300000
217	-38360.000000	9786.000000	0.300000
218	-38220.000000	9768.000000	0.300000
219	-38456.000000	9798.000000	0.300000
220	-38252.000000	9774.000000	0.300000
221	-38360.000000	9786.000000	0.300000
222	-38336.000000	9786.000000	0.300000
223	-38456.000000	9794.000000	0.300000
224	-38200.000000	9764.000000	0.300000
225	-38236.000000	9770.000000	0.300000
226	-38084.000000	9750.000000	0.300000
227	-38392.000000	9792.000000	0.300000
228	-38496.000000	9806.000000	0.300000
229	-38504.000000	9810.000000	0.300000
230	-38464.000000	9802.000000	0.300000
231	-38488.000000	9798.000000	0.300000
232	-38796.000000	9846.000000	0.300000
233	-38644.000000	9828.000000	0.300000
234	-38536.000000	9810.000000	0.300000
235	-38648.000000	9820.000000	0.300000
236	-38396.000000	9790.000000	0.300000
237	-38528.000000	9808.000000	0.300000
238	-38432.000000	9796.000000	0.300000
239	-38492.000000	9806.000000	0.300000
240	-38620.000000	9822.000000	0.300000
241	-38568.000000	9810.000000	0.300000
242	-38772.000000	9842.000000	0.300000
243	-38676.000000	9830.000000	0.300000
244	-38716.000000	9836.000000	0.300000
245	-38524.000000	9808.000000	0.300000
246	-38352.000000	9784.000000	0.300000
247	-38464.000000	9802.000000	0.300000
248	-38608.000000	9818.000000	0.300000
249	-38436.000000	9798.000000	0.300000
250	-38828.000000	9852.000000	0.300000
251	-38504.000000	9808.000000	0.300000
252	-38452.000000	9800.000000	0.300000
253	-38604.000000	9814.000000	0.300000
254	-38460.000000	9802.000000	0.300000
255	-38604.000000	9820.000000	0.300000
256	-38568.000000	9808.000000	0.300000
257	-38260.000000	9774.000000	0.300000
258	-38344.000000	9788.000000	0.300000
259	-38552.000000	9816.000000	0.300000
260	-38364.000000	9790.000000	0.300000
261	-38336.000000	9778.000000	0.300000
262	-38644.000000	9820.000000	0.300000
263	-38568.000000	9812.000000	0.300000
264	-38632.000000	9820.000000	0.300000
265	-38312.000000	9778.000000	0.300000
266	-38520.000000	9804.000000	0.300000
267	-38640.000000	9826.000000	0.300000
268	-38876.000000	9854.000000	0.300000
269	-38528.000000	9808.000000	0.300000
270	-38456.000000	9798.000000	0.300000
271	-38368.000000	9788.000000	0.300000
272	-38368.000000	9786.000000	0.300000
273	-38204.000000	9760.000000	0.300000
274	-38236.000000	9754.000000	0.300000
275	-38204.000000	9758.000000	0.300000
276	-38164.000000	9762.000000	0.300000
277	-38196.000000	9764.000000	0.300000
278	-38284.000000	9774.000000	0.300000
279	-38520.000000	9810.000000	0.300000
280	-38428.000000	9798.000000	0.300000
281	-38312.000000	9780.000000	0.300000
282	-38524.000000	9808.000000	0.300000
283	-38540.000000	9814.000000	0.300000
284	-38428.000000	9800.000000	0.300000
285	-38572.000000	9814.000000	0.300000
286	-38444.000000	9798.000000	0.300000
287	-38656.000000	9828.000000	0.300000
288	-38664.000000	9830.000000	0.300000
289	-38692.000000	9832.000000	0.300000
290	-38604.000000	9820.000000	0.300000
291	-38436.000000	9792.000000	0.300000
292	-38232.000000	9766.000000	0.300000
293	-38168.000000	9764.000000	0.300000
294	-38232.000000	9770.000000	0.300000
295	-38484.000000	9802.000000	0.300000
296	-38708.000000	9834.000000	0.300000
297	-38560.000000	9816.000000	0.300000
298	-38436.000000	9798.000000	0.300000
299	-38184.000000	9766.000000	0.300000
300	-38768.000000	9846.000000	0.300000
301	-38232.000000	9770.000000	0.300000
302	-38208.000000	9764.000000	0.300000
303	-38324.000000	9782.000000	0.300000
304	-38420.000000	9794.000000	0.300000
305	-38532.000000	9808.000000	0.300000
306	-38664.000000	9824.000000	0.300000
307	-38792.000000	9838.000000	0.300000
308	-38648.000000	9822.000000	0.300000
309	-38780.000000	9844.000000	0.300000
310	-38644.000000	9826.000000	0.300000
311	-38372.000000	9782.000000	0.300000
312	-38532.000000	9808.000000	0.300000
313	-38296.000000	9782.000000	0.300000
314	-38468.000000	9806.000000	0.300000
315	-38316.000000	9784.000000	0.300000
316	-38548.000000	9814.000000	0.300000
317	-38556.000000	9812.000000	0.300000
318	-38592.000000	9820.000000	0.300000
319	-38892.000000	9854.000000	0.300000
320	-38836.000000	9850.000000	0.300000
321	-38584.000000	9820.000000	0.300000
322	-38556.000000	9816.000000	0.300000
323	-38604.000000	9816.000000	0.300000
324	-38460.000000	9802.000000	0.300000
325	-38808.000000	9846.000000	0.300000
326	-38588.000000	9818.000000	0.300000
327	-38644.000000	9824.000000	0.300000
328	-38632.000000	9828.000000	0.300000
329	-38436.000000	9800.000000	0.300000
330	-38596.000000	9820.000000	0.300000
331	-38848.000000	9848.000000	0.300000
332	-38704.000000	9826.000000	0.300000
333	-38592.000000	9812.000000	0.300000
334	-38720.000000	9834.000000	0.300000
335	-38324.000000	9784.000000	0.300000
336	-38268.000000	9774.000000	0.300000
337	-38284.000000	9774.000000	0.300000
338	-38400.000000	9796.000000	0.300000
339	-38100.000000	9754.000000	0.300000
340	-38588.000000	9816.000000	0.300000
341	-38556.000000	9814.000000	0.300000
342	-38424.000000	9794.000000	0.300000
343	-38100.000000	9754.000000	0.300000
344	-38592.000000	9818.000000	0.300000
345	-38652.000000	9820.000000	0.300000
346	-38520.000000	9802.000000	0.300000
347	-38316.000000	9782.000000	0.300000
348	-38204.000000	9764.000000	0.300000
349	-38264.000000	9770.000000	0.300000
350	-38316.000000	9784.000000	0.300000
351	-38268.000000	9778.000000	0.300000
352	-38252.000000	9772.000000	0.300000
353	-38540.000000	9810.000000	0.300000
354	-38508.000000	9808.000000	0.300000
355	-38168.000000	9764.000000	0.300000
356	-38300.000000	9782.000000	0.300000
357	-38448.000000	9796.000000	0.300000
358	-38472.000000	9804.000000	0.300000
359	-38568.000000	9816.000000	0.300000
360	-38688.000000	9832.000000	0.300000
361	-38580.000000	9814.000000	0.300000
362	-38588.000000	9820.000000	0.300000
363	-38416.000000	9798.000000	0.300000
364	-38108.000000	9750.000000	0.300000
365	-38256.000000	9770.000000	0.300000
366	-38476.000000	9798.000000	0.300000
367	-38468.000000	9800.000000	0.300000
368	-38552.000000	9814.000000	0.300000
369	-38644.000000	9828.000000	0.300000
370	-38476.000000	9800.000000	0.300000
371	-38344.000000	9778.000000	0.300000
372	-38660.000000	9824.000000	0.300000
373	-38736.000000	9834.000000	0.300000
374	-38596.000000	9816.000000	0.300000
375	-38460.000000	9798.000000	0.300000
376	-38564.000000	9816.000000	0.300000
377	-38460.000000	9798.000000	0.300000
378	-38308.000000	9782.000000	0.300000
379	-38400.000000	9792.000000	0.300000
380	-38260.000000	9772.000000	0.300000
381	-38340.000000	9786.000000	0.300000
382	-38364.000000	9786.000000	0.300000
383	-38404.000000	9792.000000	0.300000
384	-38556.000000	9810.000000	0.300000
385	-38836.000000	9848.000000	0.300000
386	-38436.000000	9798.000000	0.300000
387	-38564.000000	9816.000000	0.300000
388	-38784.000000	9842.000000	0.300000
389	-38664.000000	9818.000000	0.300000
390	-38376.000000	9790.000000	0.300000
391	-38544.000000	9812.000000	0.300000
392	-38200.000000	9768.000000	0.300000
393	-38324.000000	9782.000000	0.300000
394	-38336.000000	9784.000000	0.300000
395	-38360.000000	9788.000000	0.300000
396	-38412.000000	9794.000000	0.300000
397	-38176.000000	9764.000000	0.300000
398	-38500.000000	9804.000000	0.300000
399	-38380.000000	9786.000000	0.300000
400	-38160.000000	9760.000000	0.300000
401	-38284.000000	9776.000000	0.300000
402	-38564.000000	9816.000000	0.300000
403	-38332.000000	9790.000000	0.300000
404	-38428.000000	9798.000000	0.300000
405	-38704.000000	9834.000000	0.300000
406	-38652.000000	9824.000000	0.300000
407	-38656.000000	9824.000000	0.300000
408	-38200.000000	9762.000000	0.300000
409	-38508.000000	9806.000000	0.300000
410	-38516.000000	9808.000000	0.300000
411	-38628.000000	9826.000000	0.300000
412	-38744.000000	9840.000000	0.300000
413	-38784.000000	9844.000000	0.300000
414	-38612.000000	9822.000000	0.300000
415	-38712.000000	9836.000000	0.300000
416	-38700.000000	9828.000000	0.300000
417	-38420.000000	9794.000000	0.300000
418	-38280.000000	9774.000000	0.300000
419	-38488.000000	9800.000000	0.300000
420	-38540.000000	9812.000000	0.300000
421	-38588.000000	9820.000000	0.300000
422	-38628.000000	9818.000000	0.300000
423	-38532.000000	9806.000000	0.300000
424	-38388.000000	9790.000000	0.300000
425	-38256.000000	9768.000000	0.300000
426	-38360.000000	9782.000000	0.300000
427	-38600.000000	9818.000000	0.300000
428	-38772.000000	9840.000000	0.300000
429	-38572.000000	9816.000000	0.300000
430	-38404.000000	9792.000000	0.300000
431	-38440.000000	9800.000000	0.300000
432	-38496.000000	9806.000000	0.300000
433	-38140.000000	9758.000000	0.300000
434	-38340.000000	9784.000000	0.300000
435	-38192.000000	9762.000000	0.300000
436	-38180.000000	9762.000000	0.300000
437	-38372.000000	9784.000000	0.300000
438	-38324.000000	9778.000000	0.300000
439	-38228.000000	9772.000000	0.300000
440	-38284.000000	9778.000000	0.300000
441	-38368.000000	9792.000000	0.300000
442	-38264.000000	9774.000000	0.300000
443	-38316.000000	9782.000000	0.300000
444	-38220.000000	9768.000000	0.300000
445	-38412.000000	9792.000000	0.300000
446	-38552.000000	9808.000000	0.300000
447	-38656.000000	9820.000000	0.300000
448	-38684.000000	9830.000000	0.300000
449	-38652.000000	9824.000000	0.300000
450	-38560.000000	9810.000000	0.300000
451	-38512.000000	9804.000000	0.300000
452	-38456.000000	9798.000000	0.300000
453	-38268.000000	9778.000000	0.300000
454	-38056.000000	9748.000000	0.300000
455	-38372.000000	9788.000000	0.300000
456	-38388.000000	9788.000000	0.300000
457	-38468.000000	9800.000000	0.300000
458	-38292.000000	9776.000000	0.300000
459	-38440.000000	9792.000000	0.300000
460	-38552.000000	9812.000000	0.300000
461	-38764.000000	9842.000000	0.300000
462	-38688.000000	9832.000000	0.300000
463	-38680.000000	9830.000000	0.300000
464	-38468.000000	9804.000000	0.300000
465	-38528.000000	9808.000000	0.300000
466	-38724.000000	9838.000000	0.300000
467	-38788.000000	9846.000000	0.300000
468	-38436.000000	9796.000000	0.300000
469	-38176.000000	9758.000000	0.300000
470	-38612.000000	9820.000000	0.300000
471	-38756.000000	9840.000000	0.300000
472	-38648.000000	9826.000000	0.300000
473	-38584.000000	9818.000000	0.300000
474	-38620.000000	9824.000000	0.300000
475	-38432.000000	9800.000000	0.300000
476	-38432.000000	9796.000000	0.300000
477	-38520.000000	9810.000000	0.300000
478	-38456.000000	9790.000000	0.300000
479	-38472.000000	9800.000000	0.300000
480	-38572.000000	9812.000000	0.300000
481	-38440.000000	9796.000000	0.300000
482	-38464.000000	9802.000000	0.300000
483	-38692.000000	9832.000000	0.300000
484	-38500.000000	9804.000000	0.300000
485	-38236.000000	9772.000000	0.300000
486	-38392.000000	9792.000000	0.300000
487	-38640.000000	9826.000000	0.300000
488	-38500.000000	9806.000000	0.300000
489	-38344.000000	9778.000000	0.300000
490	-38452.000000	9802.000000	0.300000
491	-38532.000000	9814.000000	0.300000
492	-38412.000000	9794.000000	0.300000
493	-38096.000000	9750.000000	0.300000
494	-38280.000000	9778.000000	0.300000
495	-38176.000000	9764.000000	0.300000
496	-38484.000000	9802.000000	0.300000
497	-38364.000000	9782.000000	0.300000
498	-38256.000000	9770.000000	0.300000
499	-38436.000000	9796.000000	0.300000
500	-38216.000000	9768.000000	0.300000
501	-38424.000000	9792.000000	0.300000
502	-38496.000000	9798.000000	0.300000
503	-38560.000000	9812.000000	0.300000
504	-38464.000000	9800.000000	0.300000
505	-38740.000000	9838.000000	0.300000
506	-38628.000000	9824.000000	0.300000
507	-38656.000000	9824.000000	0.300000
508	-38508.000000	9810.000000	0.300000
509	-38468.000000	9800.000000	0.300000
510	-38616.000000	9818.000000	0.300000
511	-38460.000000	9798.000000	0.300000
512	-38684.000000	9834.000000	0.300000
513	-38800.000000	9846.000000	0.300000
514	-38660.000000	9830.000000	0.300000
515	-38556.000000	9812.000000	0.300000
516	-38524.000000	9810.000000	0.300000
517	-38636.000000	9824.000000	0.300000
518	-38688.000000	9832.000000	0.300000
519	-38664.000000	9824.000000	0.300000
520	-38676.000000	9828.000000	0.300000
521	-38608.000000	9822.000000	0.300000
522	-38280.000000	9780.000000	0.300000
523	-38728.000000	9836.000000	0.300000
524	-38540.000000	9810.000000	0.300000
525	-38692.000000	9830.000000	0.300000
526	-38672.000000	9828.000000	0.300000
527	-38640.000000	9824.000000	0.300000
528	-38336.000000	9786.000000	0.300000
529	-38484.000000	9798.000000	0.300000
530	-38636.000000	9818.000000	0.300000
531	-38464.000000	9796.000000	0.300000
532	-38532.000000	9802.000000	0.300000
533	-38228.000000	9758.000000	0.300000
534	-38440.000000	9786.000000	0.300000
535	-38296.000000	9776.000000	0.300000
536	-38272.000000	9774.000000	0.300000
537	-38272.000000	9772.000000	0.300000
538	-38324.000000	9780.000000	0.300000
539	-38412.000000	9796.000000	0.300000
540	-38564.000000	9814.000000	0.300000
541	-38588.000000	9818.000000	0.300000
542	-38720.000000	9830.000000	0.300000
543	-38572.000000	9814.000000	0.300000
544	-38484.000000	9802.000000	0.300000
545	-38412.000000	9794.000000	0.300000
546	-38340.000000	9788.000000	0.300000
547	-38348.000000	9788.000000	0.300000
548	-38624.000000	9822.000000	0.300000
549	-38476.000000	9804.000000	0.300000
550	-38652.000000	9826.000000	0.300000
551	-38496.000000	9808.000000	0.300000
552	-38600.000000	9820.000000	0.300000
553	-38732.000000	9838.000000	0.300000
554	-38684.000000	9830.000000	0.300000
555	-38704.000000	9832.000000	0.300000
556	-38564.000000	9814.000000	0.300000
557	-38728.000000	9836.000000	0.300000
558	-38528.000000	9812.000000	0.300000
559	-38608.000000	9820.000000	0.300000
560	-38688.000000	9830.000000	0.300000
561	-38532.000000	9806.000000	0.300000
562	-38628.000000	9824.000000	0.300000
563	-38324.000000	9784.000000	0.300000
564	-38104.000000	9756.000000	0.300000
565	-38184.000000	9762.000000	0.300000
566	-38424.000000	9794.000000	0.300000
567	-38612.000000	9820.000000	0.300000
568	-38668.000000	9828.000000	0.300000
569	-38584.000000	9818.000000	0.300000
570	-38660.000000	9828.000000	0.300000
571	-38752.000000	9840.000000	0.300000
572	-38520.000000	9810.000000	0.300000
573	-38404.000000	9788.000000	0.300000
574	-38312.000000	9782.000000	0.300000
575	-38376.000000	9786.000000	0.300000
576	-38512.000000	9806.000000	0.300000
577	-38528.000000	9804.000000	0.300000
578	-38532.000000	9810.000000	0.300000
579	-38468.000000	9802.000000	0.300000
580	-38472.000000	9806.000000	0.300000
581	-38296.000000	9782.000000	0.300000
582	-38616.000000	9824.000000	0.300000
583	-38376.000000	9786.000000	0.300000
584	-38528.000000	9812.000000	0.300000
585	-38576.000000	9818.000000	0.300000
586	-38652.000000	9826.000000	0.300000
587	-38600.000000	9818.000000	0.300000
588	-38724.000000	9836.000000	0.300000
589	-38664.000000	9830.000000	0.300000
590	-38540.000000	9810.000000	0.300000
591	-38536.000000	9812.000000	0.300000
592	-38472.000000	9802.000000	0.300000
593	-38124.000000	9754.000000	0.300000
594	-38396.000000	9792.000000	0.300000
595	-38436.000000	9794.000000	0.300000
596	-38412.000000	9794.000000	0.300000
597	-38500.000000	9802.000000	0.300000
598	-38428.000000	9790.000000	0.300000
599	-38444.000000	9800.000000	0.300000
600	-38332.000000	9786.000000	0.300000
601	-38492.000000	9806.000000	0.300000
602	-38568.000000	9816.000000	0.300000
603	-38500.000000	9804.000000	0.300000
604	-38636.000000	9824.000000	0.300000
605	-38568.000000	9810.000000	0.300000
606	-38412.000000	9786.000000	0.300000
607	-38544.000000	9808.000000	0.300000
608	-38292.000000	9780.000000	0.300000
609	-38408.000000	9794.000000	0.300000
610	-38644.000000	9826.000000	0.300000
611	-38496.000000	9806.000000	0.300000
612	-38596.000000	9820.000000	0.300000
613	-38388.000000	9790.000000	0.300000
614	-38416.000000	9794.000000	0.300000
615	-38580.000000	9816.000000	0.300000
616	-38292.000000	9768.000000	0.300000
617	-38124.000000	9750.000000	0.300000
618	-38276.000000	9770.000000	0.300000
619	-38496.000000	9794.000000	0.300000
620	-38096.000000	9742.000000	0.300000
621	-38416.000000	9790.000000	0.300000
622	-38576.000000	9814.000000	0.300000
623	-38596.000000	9820.000000	0.300000
624	-38604.000000	9818.000000	0.300000
625	-38444.000000	9802.000000	0.300000
626	-38548.000000	9816.000000	0.300000
627	-38420.000000	9796.000000	0.300000
628	-38792.000000	9842.000000	0.300000
629	-38516.000000	9806.000000	0.300000
630	-38448.000000	9794.000000	0.300000
631	-38180.000000	9758.000000	0.300000
632	-38408.000000	9794.000000	0.300000
633	-38528.000000	9806.000000	0.300000
634	-38288.000000	9776.000000	0.300000
635	-38336.000000	9782.000000	0.300000
636	-38348.000000	9788.000000	0.300000
637	-38336.000000	9782.000000	0.300000
638	-38436.000000	9794.000000	0.300000
639	-38496.000000	9808.000000	0.300000
640	-38600.000000	9820.000000	0.300000
641	-38404.000000	9794.000000	0.300000
642	-38296.000000	9780.000000	0.300000
643	-38356.000000	9788.000000	0.300000
644	-38416.000000	9796.000000	0.300000
645	-38212.000000	9762.000000	0.300000
646	-38220.000000	9764.000000	0.300000
647	-38552.000000	9812.000000	0.300000
648	-38568.000000	9816.000000	0.300000
649	-38704.000000	9836.000000	0.300000
650	-38540.000000	9810.000000	0.300000
651	-38612.000000	9820.000000	0.300000
652	-38584.000000	9818.000000	0.300000
653	-38688.000000	9830.000000	0.300000
654	-38664.000000	9828.000000	0.300000
655	-38396.000000	9788.000000	0.300000
656	-38764.000000	9840.000000	0.300000
657	-38412.000000	9794.000000	0.300000
658	-38516.000000	9804.000000	0.300000
659	-38636.000000	9824.000000	0.300000
660	-38584.000000	9818.000000	0.300000
661	-38604.000000	9820.000000	0.300000
662	-38528.000000	9812.000000	0.300000
663	-38456.000000	9798.000000	0.300000
664	-38540.000000	9812.000000	0.300000
665	-38716.000000	9834.000000	0.300000
666	-38576.000000	9818.000000	0.300000
667	-38432.000000	9798.000000	0.300000
668	-38328.000000	9784.000000	0.300000
669	-38588.000000	9816.000000	0.300000
670	-38540.000000	9812.000000	0.300000
671	-38468.000000	9802.000000	0.300000
672	-38456.000000	9798.000000	0.300000
673	-38632.000000	9820.000000	0.300000
674	-38508.000000	9804.000000	0.300000
675	-38604.000000	9820.000000	0.300000
676	-38472.000000	9794.000000	0.300000
677	-38248.000000	9762.000000	0.300000
678	-38604.000000	9820.000000	0.300000
679	-38692.000000	9834.000000	0.300000
680	-38496.000000	9802.000000	0.300000
681	-38588.000000	9818.000000	0.300000
682	-38336.000000	9784.000000	0.300000
683	-38388.000000	9792.000000	0.300000
684	-38504.000000	9804.000000	0.300000
685	-38372.000000	9782.000000	0.300000
686	-38572.000000	9816.000000	0.300000
687	-38624.000000	9824.000000	0.300000
688	-38596.000000	9822.000000	0.300000
689	-38588.000000	9818.000000	0.300000
690	-38688.000000	9826.000000	0.300000
691	-38480.000000	9806.000000	0.300000
692	-38540.000000	9814.000000	0.300000
693	-38216.000000	9770.000000	0.300000
694	-38512.000000	9806.000000	0.300000
695	-38408.000000	9792.000000	0.300000
696	-38568.000000	9814.000000	0.300000
697	-38732.000000	9838.000000	0.300000
698	-38540.000000	9816.000000	0.300000
699	-38476.000000	9802.000000	0.300000
700	-38396.000000	9792.000000	0.300000
701	-38452.000000	9802.000000	0.300000
702	-38416.000000	9794.000000	0.300000
703	-38468.000000	9802.000000	0.300000
704	-38328.000000	9778.000000	0.300000
705	-38588.000000	9818.000000	0.300000
706	-38612.000000	9820.000000	0.300000
707	-38792.000000	9846.000000	0.300000
708	-38596.000000	9820.000000	0.300000
709	-38708.000000	9834.000000	0.300000
710	-38624.000000	9824.000000	0.300000
711	-38616.000000	9822.000000	0.300000
712	-38808.000000	9846.000000	0.300000
713	-38664.000000	9826.000000	0.300000
714	-38528.000000	9810.000000	0.300000
715	-38632.000000	9822.000000	0.300000
716	-38584.000000	9810.000000	0.300000
717	-38344.000000	9778.000000	0.300000
718	-38476.000000	9800.000000	0.300000
719	-38504.000000	9806.000000	0.300000
720	-38532.000000	9810.000000	0.300000
721	-38560.000000	9808.000000	0.300000
722	-38716.000000	9834.000000	0.300000
723	-38660.000000	9830.000000	0.300000
724	-38596.000000	9816.000000	0.300000
725	-38640.000000	9828.000000	0.300000
726	-38528.000000	9810.000000	0.300000
727	-38364.000000	9786.000000	0.300000
728	-38472.000000	9802.000000	0.300000
729	-38540.000000	9812.000000	0.300000
730	-38512.000000	9804.000000	0.300000
731	-38436.000000	9798.000000	0.300000
732	-38496.000000	9804.000000	0.300000
733	-38404.000000	9794.000000	0.300000
734	-38376.000000	9788.000000	0.300000
735	-38284.000000	9774.000000	0.300000
736	-38472.000000	9800.000000	0.300000
737	-38472.000000	9804.000000	0.300000
738	-38328.000000	9784.000000	0.300000
739	-38508.000000	9810.000000	0.300000
740	-38672.000000	9828.000000	0.300000
741	-38580.000000	9818.000000	0.300000
742	-38428.000000	9796.000000	0.300000
743	-38524.000000	9810.000000	0.300000
744	-38432.000000	9796.000000	0.300000
745	-38112.000000	9750.000000	0.300000
746	-38192.000000	9762.000000	0.300000
747	-37932.000000	9730.000000	0.300000
748	-38328.000000	9784.000000	0.300000
749	-38388.000000	9792.000000	0.300000
750	-38324.000000	9780.000000	0.300000
751	-38388.000000	9788.000000	0.300000
752	-38324.000000	9782.000000	0.300000
753	-38148.000000	9758.000000	0.300000
754	-38072.000000	9746.000000	0.300000
755	-38508.000000	9802.000000	0.300000
756	-38640.000000	9822.000000	0.300000
757	-38380.000000	9776.000000	0.300000
758	-38504.000000	9800.000000	0.300000
759	-38272.000000	9780.000000	0.300000
760	-38412.000000	9796.000000	0.300000
761	-38472.000000	9802.000000	0.300000
762	-38792.000000	9844.000000	0.300000
763	-38492.000000	9800.000000	0.300000
764	-38824.000000	9848.000000	0.300000
765	-38776.000000	9844.000000	0.300000
766	-38548.000000	9810.000000	0.300000
767	-38388.000000	9792.000000	0.300000
768	-38508.000000	9804.000000	0.300000
769	-38632.000000	9826.000000	0.300000
770	-38568.000000	9816.000000	0.300000
771	-38348.000000	9786.000000	0.300000
772	-38344.000000	9778.000000	0.300000
773	-38260.000000	9772.000000	0.300000
774	-38516.000000	9806.000000	0.300000
775	-38816.000000	9848.000000	0.300000
776	-38524.000000	9810.000000	0.300000
777	-38668.000000	9830.000000	0.300000
778	-38452.000000	9796.000000	0.300000
779	-38380.000000	9782.000000	0.300000
780	-38508.000000	9806.000000	0.300000
781	-38528.000000	9806.000000	0.300000
782	-38196.000000	9764.000000	0.300000
783	-38148.000000	9754.000000	0.300000
784	-38284.000000	9776.000000	0.300000
785	-38352.000000	9784.000000	0.300000
786	-38336.000000	9784.000000	0.300000
787	-38276.000000	9770.000000	0.300000
788	-38404.000000	9788.000000	0.300000
789	-38380.000000	9788.000000	0.300000
790	-38256.000000	9772.000000	0.300000
791	-38572.000000	9812.000000	0.300000
792	-38460.000000	9802.000000	0.300000
793	-38380.000000	9790.000000	0.300000
794	-38488.000000	9806.000000	0.300000
795	-38528.000000	9810.000000	0.300000
796	-38360.000000	9786.000000	0.300000
797	-38300.000000	9778.000000	0.300000
798	-38352.000000	9786.000000	0.300000
799	-38456.000000	9798.000000	0.300000
800	-38468.000000	9806.000000	0.300000
801	-38360.000000	9792.000000	0.300000
802	-38216.000000	9772.000000	0.300000
803	-38608.000000	9822.000000	0.300000
804	-38592.000000	9818.000000	0.300000
805	-38688.000000	9832.000000	0.300000
806	-38648.000000	9826.000000	0.300000
807	-38712.000000	9832.000000	0.300000
808	-38496.000000	9800.000000	0.300000
809	-38416.000000	9798.000000	0.300000
810	-38176.000000	9758.000000	0.300000
811	-38628.000000	9820.000000	0.300000
812	-38324.000000	9778.000000	0.300000
813	-38084.000000	9746.000000	0.300000
814	-38184.000000	9760.000000	0.300000
815	-38148.000000	9756.000000	0.300000
816	-38460.000000	9800.000000	0.300000
817	-38528.000000	9812.000000	0.300000
818	-38308.000000	9774.000000	0.300000
819	-38348.000000	9778.000000	0.300000
820	-38368.000000	9784.000000	0.300000
821	-38548.000000	9812.000000	0.300000
822	-38332.000000	9782.000000	0.300000
823	-38436.000000	9800.000000	0.300000
824	-38220.000000	9770.000000	0.300000
825	-38396.000000	9792.000000	0.300000
826	-38344.000000	9784.000000	0.300000
827	-38452.000000	9800.000000	0.300000
828	-38644.000000	9824.000000	0.300000
829	-38356.000000	9784.000000	0.300000
830	-38444.000000	9796.000000	0.300000
831	-38672.000000	9830.000000	0.300000
832	-38340.000000	9786.000000	0.300000
833	-38672.000000	9820.000000	0.300000
834	-38404.000000	9794.000000	0.300000
835	-38280.000000	9776.000000	0.300000
836	-38276.000000	9778.000000	0.300000
837	-38356.000000	9782.000000	0.300000
838	-38524.000000	9808.000000	0.300000
839	-38520.000000	9802.000000	0.300000
840	-38440.000000	9798.000000	0.300000
841	-38716.000000	9834.000000	0.300000
842	-38532.000000	9808.000000	0.300000
843	-38396.000000	9790.000000	0.300000
844	-38576.000000	9816.000000	0.300000
845	-38456.000000	9800.000000	0.300000
846	-38456.000000	9798.000000	0.300000
847	-38608.000000	9818.000000	0.300000
848	-38644.000000	9824.000000	0.300000
849	-38504.000000	9806.000000	0.300000
850	-38492.000000	9806.000000	0.300000
851	-38584.000000	9818.000000	0.300000
852	-38352.000000	9784.000000	0.300000
853	-38356.000000	9786.000000	0.300000
854	-38600.000000	9822.000000	0.300000
855	-38348.000000	9786.000000	0.300000
856	-38372.000000	9786.000000	0.300000
857	-38108.000000	9750.000000	0.300000
858	-38472.000000	9800.000000	0.300000
859	-38448.000000	9798.000000	0.300000
860	-38580.000000	9816.000000	0.300000
861	-38400.000000	9788.000000	0.300000
862	-38472.000000	9802.000000	0.300000
863	-38760.000000	9840.000000	0.300000
864	-38400.000000	9786.000000	0.300000
865	-38296.000000	9774.000000	0.300000
866	-38468.000000	9798.000000	0.300000
867	-38324.000000	9778.000000	0.300000
868	-38332.000000	9784.000000	0.300000
869	-38572.000000	9816.000000	0.300000
870	-38524.000000	9812.000000	0.300000
871	-38536.000000	9812.000000	0.300000
872	-38508.000000	9806.000000	0.300000
873	-38672.000000	9830.000000	0.300000
874	-38516.000000	9808.000000	0.300000
875	-38496.000000	9808.000000	0.300000
876	-38268.000000	9778.000000	0.300000
877	-38148.000000	9760.000000	0.300000
878	-38396.000000	9790.000000	0.300000
879	-38732.000000	9836.000000	0.300000
880	-38468.000000	9800.000000	0.300000
881	-38464.000000	9800.000000	0.300000
882	-38412.000000	9792.000000	0.300000
883	-38624.000000	9816.000000	0.300000
884	-38760.000000	9836.000000	0.300000
885	-38932.000000	9864.000000	0.300000
886	-38648.000000	9826.000000	0.300000
887	-38488.000000	9804.000000	0.300000
888	-38444.000000	9798.000000	0.300000
889	-38400.000000	9790.000000	0.300000
890	-38276.000000	9766.000000	0.300000
891	-38760.000000	9840.000000	0.300000
892	-38700.000000	9832.000000	0.300000
893	-38508.000000	9806.000000	0.300000
894	-38560.000000	9816.000000	0.300000
895	-38336.000000	9784.000000	0.300000
896	-38396.000000	9792.000000	0.300000
897	-38600.000000	9814.000000	0.300000
898	-38256.000000	9770.000000	0.300000
899	-38312.000000	9780.000000	0.300000
900	-38256.000000	9768.000000	0.300000
901	-38308.000000	9774.000000	0.300000
902	-38512.000000	9804.000000	0.300000
903	-38372.000000	9790.000000	0.300000
904	-38348.000000	9784.000000	0.300000
905	-38420.000000	9798.000000	0.300000
906	-38400.000000	9796.000000	0.300000
907	-38180.000000	9760.000000	0.300000
908	-38328.000000	9780.000000	0.300000
909	-38196.000000	9766.000000	0.300000
910	-38108.000000	9748.000000	0.300000
911	-38136.000000	9756.000000	0.300000
912	-38476.000000	9806.000000	0.300000
913	-38500.000000	9808.000000	0.300000
914	-38592.000000	9818.000000	0.300000
915	-38668.000000	9832.000000	0.300000
916	-38276.000000	9778.000000	0.300000
917	-38264.000000	9772.000000	0.300000
918	-38324.000000	9786.000000	0.300000
919	-38432.000000	9798.000000	0.300000
920	-38508.000000	9806.000000	0.300000
921	-38632.000000	9826.000000	0.300000
922	-38784.000000	9844.000000	0.300000
923	-38240.000000	9776.000000	0.300000
924	-38560.000000	9812.000000	0.300000
925	-38312.000000	9784.000000	0.300000
926	-38364.000000	9784.000000	0.300000
927	-38612.000000	9824.000000	0.300000
928	-38520.000000	9806.000000	0.300000
929	-38412.000000	9792.000000	0.300000
930	-38244.000000	9772.000000	0.300000
931	-38384.000000	9792.000000	0.300000
932	-38556.000000	9812.000000	0.300000
933	-38412.000000	9794.000000	0.300000
934	-38528.000000	9806.000000	0.300000
935	-38452.000000	9800.000000	0.300000
936	-38256.000000	9774.000000	0.300000
937	-38312.000000	9784.000000	0.300000
938	-38332.000000	9784.000000	0.300000
939	-38532.000000	9810.000000	0.300000
940	-38760.000000	9836.000000	0.300000
941	-38532.000000	9810.000000	0.300000
942	-38396.000000	9792.000000	0.300000
943	-38356.000000	9784.000000	0.300000
944	-38432.000000	9794.000000	0.300000
945	-38448.000000	9800.000000	0.300000
946	-38592.000000	9820.000000	0.300000
947	-38548.000000	9812.000000	0.300000
948	-38404.000000	9792.000000	0.300000
949	-38548.000000	9810.000000	0.300000
950	-38580.000000	9814.000000	0.300000
951	-38520.000000	9808.000000	0.300000
952	-38668.000000	9824.000000	0.300000
953	-38480.000000	9800.000000	0.300000
954	-38636.000000	9820.000000	0.300000
955	-38604.000000	9820.000000	0.300000
956	-38580.000000	9816.000000	0.300000
957	-38536.000000	9806.000000	0.300000
958	-38340.000000	9778.000000	0.300000
959	-38212.000000	9768.000000	0.300000
960	-38548.000000	9814.000000	0.300000
961	-38396.000000	9796.000000	0.300000
962	-38668.000000	9830.000000	0.300000
963	-38536.000000	9810.000000	0.300000
964	-38600.000000	9814.000000	0.300000
965	-38852.000000	9850.000000	0.300000
966	-38748.000000	9842.000000	0.300000
967	-38668.000000	9826.000000	0.300000
968	-38656.000000	9828.000000	0.300000
969	-38536.000000	9810.000000	0.300000
970	-38632.000000	9822.000000	0.300000
971	-38396.000000	9778.000000	0.300000
972	-38496.000000	9806.000000	0.300000
973	-38248.000000	9774.000000	0.300000
974	-38348.000000	9784.000000	0.300000
975	-38304.000000	9780.000000	0.300000
976	-38288.000000	9772.000000	0.300000
977	-38372.000000	9790.000000	0.300000
978	-38152.000000	9760.000000	0.300000
979	-38224.000000	9764.000000	0.300000
980	-38288.000000	9770.000000	0.300000
981	-38240.000000	9770.000000	0.300000
982	-38540.000000	9812.000000	0.300000
983	-38372.000000	9788.000000	0.300000
984	-38532.000000	9808.000000	0.300000
985	-38552.000000	9810.000000	0.300000
986	-38636.000000	9826.000000	0.300000
987	-38504.000000	9806.000000	0.300000
988	-38440.000000	9798.000000	0.300000
989	-38276.000000	9774.000000	0.300000
990	-38224.000000	9770.000000	0.300000
991	-38232.000000	9774.000000	0.300000
992	-38256.000000	9778.000000	0.300000
993	-38380.000000	9794.000000	0.300000
994	-38360.000000	9788.000000	0.300000
995	-38684.000000	9828.000000	0.300000
996	-38576.000000	9818.000000	0.300000
997	-38584.000000	9818.000000	0.300000
998	-38476.000000	9798.000000	0.300000
999	-38504.000000	9808.000000	0.300000
