# step,  Energy, magenetization 
0	-40000.000000	10000.000000	0.600000
1	-40000.000000	10000.000000	0.600000
2	-40000.000000	10000.000000	0.600000
3	-40000.000000	10000.000000	0.600000
4	-39984.000000	9998.000000	0.600000
5	-39984.000000	9998.000000	0.600000
6	-39984.000000	9998.000000	0.600000
7	-39984.000000	9998.000000	0.600000
8	-40000.000000	10000.000000	0.600000
9	-40000.000000	10000.000000	0.600000
10	-40000.000000	10000.000000	0.600000
11	-39984.000000	9998.000000	0.600000
12	-39984.000000	9998.000000	0.600000
13	-39984.000000	9998.000000	0.600000
14	-39984.000000	9998.000000	0.600000
15	-40000.000000	10000.000000	0.600000
16	-40000.000000	10000.000000	0.600000
17	-39984.000000	9998.000000	0.600000
18	-39984.000000	9998.000000	0.600000
19	-39984.000000	9998.000000	0.600000
20	-39984.000000	9998.000000	0.600000
21	-40000.000000	10000.000000	0.600000
22	-39984.000000	9998.000000	0.600000
23	-40000.000000	10000.000000	0.600000
24	-40000.000000	10000.000000	0.600000
25	-39984.000000	9998.000000	0.600000
26	-39984.000000	9998.000000	0.600000
27	-40000.000000	10000.000000	0.600000
28	-40000.000000	10000.000000	0.600000
29	-40000.000000	10000.000000	0.600000
30	-39968.000000	9996.000000	0.600000
31	-39968.000000	9996.000000	0.600000
32	-39968.000000	9996.000000	0.600000
33	-39984.000000	9998.000000	0.600000
34	-40000.000000	10000.000000	0.600000
35	-40000.000000	10000.000000	0.600000
36	-40000.000000	10000.000000	0.600000
37	-39984.000000	9998.000000	0.600000
38	-40000.000000	10000.000000	0.600000
39	-40000.000000	10000.000000	0.600000
40	-40000.000000	10000.000000	0.600000
41	-40000.000000	10000.000000	0.600000
42	-40000.000000	10000.000000	0.600000
43	-40000.000000	10000.000000	0.600000
44	-39984.000000	9998.000000	0.600000
45	-40000.000000	10000.000000	0.600000
46	-40000.000000	10000.000000	0.600000
47	-40000.000000	10000.000000	0.600000
48	-40000.000000	10000.000000	0.600000
49	-40000.000000	10000.000000	0.600000
50	-39984.000000	9998.000000	0.600000
51	-40000.000000	10000.000000	0.600000
52	-40000.000000	10000.000000	0.600000
53	-40000.000000	10000.000000	0.600000
54	-40000.000000	10000.000000	0.600000
55	-40000.000000	10000.000000	0.600000
56	-40000.000000	10000.000000	0.600000
57	-39984.000000	9998.000000	0.600000
58	-40000.000000	10000.000000	0.600000
59	-39984.000000	9998.000000	0.600000
60	-40000.000000	10000.000000	0.600000
61	-39984.000000	9998.000000	0.600000
62	-39968.000000	9996.000000	0.600000
63	-39968.000000	9996.000000	0.600000
64	-39952.000000	9994.000000	0.600000
65	-39984.000000	9998.000000	0.600000
66	-40000.000000	10000.000000	0.600000
67	-40000.000000	10000.000000	0.600000
68	-39984.000000	9998.000000	0.600000
69	-39984.000000	9998.000000	0.600000
70	-39968.000000	9996.000000	0.600000
71	-39952.000000	9994.000000	0.600000
72	-39968.000000	9996.000000	0.600000
73	-40000.000000	10000.000000	0.600000
74	-39984.000000	9998.000000	0.600000
75	-39984.000000	9998.000000	0.600000
76	-40000.000000	10000.000000	0.600000
77	-40000.000000	10000.000000	0.600000
78	-40000.000000	10000.000000	0.600000
79	-40000.000000	10000.000000	0.600000
80	-39984.000000	9998.000000	0.600000
81	-39984.000000	9998.000000	0.600000
82	-39968.000000	9996.000000	0.600000
83	-39968.000000	9996.000000	0.600000
84	-39984.000000	9998.000000	0.600000
85	-39984.000000	9998.000000	0.600000
86	-39984.000000	9998.000000	0.600000
87	-39984.000000	9998.000000	0.600000
88	-39968.000000	9996.000000	0.600000
89	-40000.000000	10000.000000	0.600000
90	-39984.000000	9998.000000	0.600000
91	-39984.000000	9998.000000	0.600000
92	-39984.000000	9998.000000	0.600000
93	-40000.000000	10000.000000	0.600000
94	-40000.000000	10000.000000	0.600000
95	-39984.000000	9998.000000	0.600000
96	-39968.000000	9996.000000	0.600000
97	-39984.000000	9998.000000	0.600000
98	-39952.000000	9994.000000	0.600000
99	-39952.000000	9994.000000	0.600000
100	-39984.000000	9998.000000	0.600000
101	-40000.000000	10000.000000	0.600000
102	-39984.000000	9998.000000	0.600000
103	-39984.000000	9998.000000	0.600000
104	-40000.000000	10000.000000	0.600000
105	-40000.000000	10000.000000	0.600000
106	-39984.000000	9998.000000	0.600000
107	-39984.000000	9998.000000	0.600000
108	-39968.000000	9996.000000	0.600000
109	-39984.000000	9998.000000	0.600000
110	-40000.000000	10000.000000	0.600000
111	-39984.000000	9998.000000	0.600000
112	-39968.000000	9996.000000	0.600000
113	-39968.000000	9996.000000	0.600000
114	-39968.000000	9996.000000	0.600000
115	-40000.000000	10000.000000	0.600000
116	-40000.000000	10000.000000	0.600000
117	-40000.000000	10000.000000	0.600000
118	-40000.000000	10000.000000	0.600000
119	-39984.000000	9998.000000	0.600000
120	-40000.000000	10000.000000	0.600000
121	-40000.000000	10000.000000	0.600000
122	-39984.000000	9998.000000	0.600000
123	-39984.000000	9998.000000	0.600000
124	-39984.000000	9998.000000	0.600000
125	-39984.000000	9998.000000	0.600000
126	-39984.000000	9998.000000	0.600000
127	-40000.000000	10000.000000	0.600000
128	-39984.000000	9998.000000	0.600000
129	-39968.000000	9996.000000	0.600000
130	-39968.000000	9996.000000	0.600000
131	-39968.000000	9996.000000	0.600000
132	-39984.000000	9998.000000	0.600000
133	-39984.000000	9998.000000	0.600000
134	-39984.000000	9998.000000	0.600000
135	-39984.000000	9998.000000	0.600000
136	-40000.000000	10000.000000	0.600000
137	-39984.000000	9998.000000	0.600000
138	-39968.000000	9996.000000	0.600000
139	-40000.000000	10000.000000	0.600000
140	-39984.000000	9998.000000	0.600000
141	-39984.000000	9998.000000	0.600000
142	-39984.000000	9998.000000	0.600000
143	-39952.000000	9994.000000	0.600000
144	-39968.000000	9996.000000	0.600000
145	-39984.000000	9998.000000	0.600000
146	-39984.000000	9998.000000	0.600000
147	-39984.000000	9998.000000	0.600000
148	-39984.000000	9998.000000	0.600000
149	-39984.000000	9998.000000	0.600000
150	-40000.000000	10000.000000	0.600000
151	-40000.000000	10000.000000	0.600000
152	-40000.000000	10000.000000	0.600000
153	-40000.000000	10000.000000	0.600000
154	-39984.000000	9998.000000	0.600000
155	-39984.000000	9998.000000	0.600000
156	-40000.000000	10000.000000	0.600000
157	-40000.000000	10000.000000	0.600000
158	-39968.000000	9996.000000	0.600000
159	-39984.000000	9998.000000	0.600000
160	-40000.000000	10000.000000	0.600000
161	-40000.000000	10000.000000	0.600000
162	-40000.000000	10000.000000	0.600000
163	-39984.000000	9998.000000	0.600000
164	-40000.000000	10000.000000	0.600000
165	-40000.000000	10000.000000	0.600000
166	-40000.000000	10000.000000	0.600000
167	-39968.000000	9996.000000	0.600000
168	-40000.000000	10000.000000	0.600000
169	-40000.000000	10000.000000	0.600000
170	-40000.000000	10000.000000	0.600000
171	-40000.000000	10000.000000	0.600000
172	-40000.000000	10000.000000	0.600000
173	-40000.000000	10000.000000	0.600000
174	-40000.000000	10000.000000	0.600000
175	-39984.000000	9998.000000	0.600000
176	-39984.000000	9998.000000	0.600000
177	-39984.000000	9998.000000	0.600000
178	-39984.000000	9998.000000	0.600000
179	-39968.000000	9996.000000	0.600000
180	-39984.000000	9998.000000	0.600000
181	-39968.000000	9996.000000	0.600000
182	-39968.000000	9996.000000	0.600000
183	-39968.000000	9996.000000	0.600000
184	-40000.000000	10000.000000	0.600000
185	-40000.000000	10000.000000	0.600000
186	-39984.000000	9998.000000	0.600000
187	-40000.000000	10000.000000	0.600000
188	-40000.000000	10000.000000	0.600000
189	-40000.000000	10000.000000	0.600000
190	-40000.000000	10000.000000	0.600000
191	-39984.000000	9998.000000	0.600000
192	-40000.000000	10000.000000	0.600000
193	-39984.000000	9998.000000	0.600000
194	-39984.000000	9998.000000	0.600000
195	-39984.000000	9998.000000	0.600000
196	-40000.000000	10000.000000	0.600000
197	-39984.000000	9998.000000	0.600000
198	-39984.000000	9998.000000	0.600000
199	-40000.000000	10000.000000	0.600000
200	-39984.000000	9998.000000	0.600000
201	-40000.000000	10000.000000	0.600000
202	-40000.000000	10000.000000	0.600000
203	-39984.000000	9998.000000	0.600000
204	-39968.000000	9996.000000	0.600000
205	-39968.000000	9996.000000	0.600000
206	-39968.000000	9996.000000	0.600000
207	-39952.000000	9994.000000	0.600000
208	-39968.000000	9996.000000	0.600000
209	-39968.000000	9996.000000	0.600000
210	-39984.000000	9998.000000	0.600000
211	-40000.000000	10000.000000	0.600000
212	-39984.000000	9998.000000	0.600000
213	-40000.000000	10000.000000	0.600000
214	-39984.000000	9998.000000	0.600000
215	-39984.000000	9998.000000	0.600000
216	-40000.000000	10000.000000	0.600000
217	-40000.000000	10000.000000	0.600000
218	-40000.000000	10000.000000	0.600000
219	-39984.000000	9998.000000	0.600000
220	-40000.000000	10000.000000	0.600000
221	-40000.000000	10000.000000	0.600000
222	-39984.000000	9998.000000	0.600000
223	-39952.000000	9994.000000	0.600000
224	-39984.000000	9998.000000	0.600000
225	-40000.000000	10000.000000	0.600000
226	-40000.000000	10000.000000	0.600000
227	-39984.000000	9998.000000	0.600000
228	-40000.000000	10000.000000	0.600000
229	-40000.000000	10000.000000	0.600000
230	-39984.000000	9998.000000	0.600000
231	-40000.000000	10000.000000	0.600000
232	-40000.000000	10000.000000	0.600000
233	-40000.000000	10000.000000	0.600000
234	-39984.000000	9998.000000	0.600000
235	-39984.000000	9998.000000	0.600000
236	-40000.000000	10000.000000	0.600000
237	-40000.000000	10000.000000	0.600000
238	-40000.000000	10000.000000	0.600000
239	-39984.000000	9998.000000	0.600000
240	-39984.000000	9998.000000	0.600000
241	-39984.000000	9998.000000	0.600000
242	-39984.000000	9998.000000	0.600000
243	-40000.000000	10000.000000	0.600000
244	-40000.000000	10000.000000	0.600000
245	-40000.000000	10000.000000	0.600000
246	-40000.000000	10000.000000	0.600000
247	-40000.000000	10000.000000	0.600000
248	-39984.000000	9998.000000	0.600000
249	-39968.000000	9996.000000	0.600000
250	-40000.000000	10000.000000	0.600000
251	-40000.000000	10000.000000	0.600000
252	-40000.000000	10000.000000	0.600000
253	-40000.000000	10000.000000	0.600000
254	-40000.000000	10000.000000	0.600000
255	-40000.000000	10000.000000	0.600000
256	-39984.000000	9998.000000	0.600000
257	-39984.000000	9998.000000	0.600000
258	-40000.000000	10000.000000	0.600000
259	-40000.000000	10000.000000	0.600000
260	-40000.000000	10000.000000	0.600000
261	-40000.000000	10000.000000	0.600000
262	-39984.000000	9998.000000	0.600000
263	-39984.000000	9998.000000	0.600000
264	-39968.000000	9996.000000	0.600000
265	-39984.000000	9998.000000	0.600000
266	-39984.000000	9998.000000	0.600000
267	-40000.000000	10000.000000	0.600000
268	-40000.000000	10000.000000	0.600000
269	-40000.000000	10000.000000	0.600000
270	-40000.000000	10000.000000	0.600000
271	-39984.000000	9998.000000	0.600000
272	-40000.000000	10000.000000	0.600000
273	-39984.000000	9998.000000	0.600000
274	-39984.000000	9998.000000	0.600000
275	-40000.000000	10000.000000	0.600000
276	-39984.000000	9998.000000	0.600000
277	-39984.000000	9998.000000	0.600000
278	-39968.000000	9996.000000	0.600000
279	-39984.000000	9998.000000	0.600000
280	-40000.000000	10000.000000	0.600000
281	-40000.000000	10000.000000	0.600000
282	-39984.000000	9998.000000	0.600000
283	-39968.000000	9996.000000	0.600000
284	-39984.000000	9998.000000	0.600000
285	-40000.000000	10000.000000	0.600000
286	-39984.000000	9998.000000	0.600000
287	-40000.000000	10000.000000	0.600000
288	-40000.000000	10000.000000	0.600000
289	-40000.000000	10000.000000	0.600000
290	-39984.000000	9998.000000	0.600000
291	-39952.000000	9994.000000	0.600000
292	-39968.000000	9996.000000	0.600000
293	-40000.000000	10000.000000	0.600000
294	-39984.000000	9998.000000	0.600000
295	-39968.000000	9996.000000	0.600000
296	-39984.000000	9998.000000	0.600000
297	-39952.000000	9994.000000	0.600000
298	-39968.000000	9996.000000	0.600000
299	-39968.000000	9996.000000	0.600000
300	-39968.000000	9996.000000	0.600000
301	-39984.000000	9998.000000	0.600000
302	-39984.000000	9998.000000	0.600000
303	-39984.000000	9998.000000	0.600000
304	-40000.000000	10000.000000	0.600000
305	-40000.000000	10000.000000	0.600000
306	-40000.000000	10000.000000	0.600000
307	-39984.000000	9998.000000	0.600000
308	-39984.000000	9998.000000	0.600000
309	-40000.000000	10000.000000	0.600000
310	-40000.000000	10000.000000	0.600000
311	-39984.000000	9998.000000	0.600000
312	-39984.000000	9998.000000	0.600000
313	-40000.000000	10000.000000	0.600000
314	-39968.000000	9996.000000	0.600000
315	-39984.000000	9998.000000	0.600000
316	-39984.000000	9998.000000	0.600000
317	-40000.000000	10000.000000	0.600000
318	-40000.000000	10000.000000	0.600000
319	-40000.000000	10000.000000	0.600000
320	-40000.000000	10000.000000	0.600000
321	-39984.000000	9998.000000	0.600000
322	-39984.000000	9998.000000	0.600000
323	-39984.000000	9998.000000	0.600000
324	-39984.000000	9998.000000	0.600000
325	-40000.000000	10000.000000	0.600000
326	-40000.000000	10000.000000	0.600000
327	-40000.000000	10000.000000	0.600000
328	-39984.000000	9998.000000	0.600000
329	-39984.000000	9998.000000	0.600000
330	-40000.000000	10000.000000	0.600000
331	-39968.000000	9996.000000	0.600000
332	-40000.000000	10000.000000	0.600000
333	-39984.000000	9998.000000	0.600000
334	-39968.000000	9996.000000	0.600000
335	-39968.000000	9996.000000	0.600000
336	-40000.000000	10000.000000	0.600000
337	-39984.000000	9998.000000	0.600000
338	-39968.000000	9996.000000	0.600000
339	-39952.000000	9994.000000	0.600000
340	-39968.000000	9996.000000	0.600000
341	-39984.000000	9998.000000	0.600000
342	-40000.000000	10000.000000	0.600000
343	-39984.000000	9998.000000	0.600000
344	-40000.000000	10000.000000	0.600000
345	-40000.000000	10000.000000	0.600000
346	-40000.000000	10000.000000	0.600000
347	-40000.000000	10000.000000	0.600000
348	-40000.000000	10000.000000	0.600000
349	-40000.000000	10000.000000	0.600000
350	-40000.000000	10000.000000	0.600000
351	-40000.000000	10000.000000	0.600000
352	-39968.000000	9996.000000	0.600000
353	-39984.000000	9998.000000	0.600000
354	-39984.000000	9998.000000	0.600000
355	-39968.000000	9996.000000	0.600000
356	-40000.000000	10000.000000	0.600000
357	-40000.000000	10000.000000	0.600000
358	-40000.000000	10000.000000	0.600000
359	-39984.000000	9998.000000	0.600000
360	-40000.000000	10000.000000	0.600000
361	-40000.000000	10000.000000	0.600000
362	-40000.000000	10000.000000	0.600000
363	-40000.000000	10000.000000	0.600000
364	-40000.000000	10000.000000	0.600000
365	-40000.000000	10000.000000	0.600000
366	-40000.000000	10000.000000	0.600000
367	-39968.000000	9996.000000	0.600000
368	-39984.000000	9998.000000	0.600000
369	-39984.000000	9998.000000	0.600000
370	-39968.000000	9996.000000	0.600000
371	-39984.000000	9998.000000	0.600000
372	-40000.000000	10000.000000	0.600000
373	-40000.000000	10000.000000	0.600000
374	-39984.000000	9998.000000	0.600000
375	-40000.000000	10000.000000	0.600000
376	-40000.000000	10000.000000	0.600000
377	-39984.000000	9998.000000	0.600000
378	-39984.000000	9998.000000	0.600000
379	-40000.000000	10000.000000	0.600000
380	-40000.000000	10000.000000	0.600000
381	-40000.000000	10000.000000	0.600000
382	-39984.000000	9998.000000	0.600000
383	-39968.000000	9996.000000	0.600000
384	-39984.000000	9998.000000	0.600000
385	-40000.000000	10000.000000	0.600000
386	-40000.000000	10000.000000	0.600000
387	-39984.000000	9998.000000	0.600000
388	-39984.000000	9998.000000	0.600000
389	-39968.000000	9996.000000	0.600000
390	-40000.000000	10000.000000	0.600000
391	-39984.000000	9998.000000	0.600000
392	-39984.000000	9998.000000	0.600000
393	-39984.000000	9998.000000	0.600000
394	-40000.000000	10000.000000	0.600000
395	-40000.000000	10000.000000	0.600000
396	-39968.000000	9996.000000	0.600000
397	-39984.000000	9998.000000	0.600000
398	-40000.000000	10000.000000	0.600000
399	-40000.000000	10000.000000	0.600000
400	-39984.000000	9998.000000	0.600000
401	-40000.000000	10000.000000	0.600000
402	-39984.000000	9998.000000	0.600000
403	-39984.000000	9998.000000	0.600000
404	-40000.000000	10000.000000	0.600000
405	-40000.000000	10000.000000	0.600000
406	-40000.000000	10000.000000	0.600000
407	-40000.000000	10000.000000	0.600000
408	-39984.000000	9998.000000	0.600000
409	-40000.000000	10000.000000	0.600000
410	-40000.000000	10000.000000	0.600000
411	-40000.000000	10000.000000	0.600000
412	-40000.000000	10000.000000	0.600000
413	-40000.000000	10000.000000	0.600000
414	-40000.000000	10000.000000	0.600000
415	-40000.000000	10000.000000	0.600000
416	-39984.000000	9998.000000	0.600000
417	-39984.000000	9998.000000	0.600000
418	-40000.000000	10000.000000	0.600000
419	-39968.000000	9996.000000	0.600000
420	-39968.000000	9996.000000	0.600000
421	-40000.000000	10000.000000	0.600000
422	-40000.000000	10000.000000	0.600000
423	-40000.000000	10000.000000	0.600000
424	-39984.000000	9998.000000	0.600000
425	-40000.000000	10000.000000	0.600000
426	-40000.000000	10000.000000	0.600000
427	-40000.000000	10000.000000	0.600000
428	-40000.000000	10000.000000	0.600000
429	-39984.000000	9998.000000	0.600000
430	-40000.000000	10000.000000	0.600000
431	-39984.000000	9998.000000	0.600000
432	-39984.000000	9998.000000	0.600000
433	-40000.000000	10000.000000	0.600000
434	-39968.000000	9996.000000	0.600000
435	-39984.000000	9998.000000	0.600000
436	-40000.000000	10000.000000	0.600000
437	-40000.000000	10000.000000	0.600000
438	-40000.000000	10000.000000	0.600000
439	-40000.000000	10000.000000	0.600000
440	-39984.000000	9998.000000	0.600000
441	-39984.000000	9998.000000	0.600000
442	-39984.000000	9998.000000	0.600000
443	-39984.000000	9998.000000	0.600000
444	-39984.000000	9998.000000	0.600000
445	-39984.000000	9998.000000	0.600000
446	-40000.000000	10000.000000	0.600000
447	-40000.000000	10000.000000	0.600000
448	-39968.000000	9996.000000	0.600000
449	-39952.000000	9994.000000	0.600000
450	-39984.000000	9998.000000	0.600000
451	-39968.000000	9996.000000	0.600000
452	-39984.000000	9998.000000	0.600000
453	-39984.000000	9998.000000	0.600000
454	-39968.000000	9996.000000	0.600000
455	-40000.000000	10000.000000	0.600000
456	-39984.000000	9998.000000	0.600000
457	-39984.000000	9998.000000	0.600000
458	-39984.000000	9998.000000	0.600000
459	-40000.000000	10000.000000	0.600000
460	-39984.000000	9998.000000	0.600000
461	-39968.000000	9996.000000	0.600000
462	-39968.000000	9996.000000	0.600000
463	-40000.000000	10000.000000	0.600000
464	-40000.000000	10000.000000	0.600000
465	-40000.000000	10000.000000	0.600000
466	-40000.000000	10000.000000	0.600000
467	-39984.000000	9998.000000	0.600000
468	-40000.000000	10000.000000	0.600000
469	-40000.000000	10000.000000	0.600000
470	-40000.000000	10000.000000	0.600000
471	-40000.000000	10000.000000	0.600000
472	-39984.000000	9998.000000	0.600000
473	-39984.000000	9998.000000	0.600000
474	-39968.000000	9996.000000	0.600000
475	-39984.000000	9998.000000	0.600000
476	-40000.000000	10000.000000	0.600000
477	-40000.000000	10000.000000	0.600000
478	-40000.000000	10000.000000	0.600000
479	-39984.000000	9998.000000	0.600000
480	-40000.000000	10000.000000	0.600000
481	-40000.000000	10000.000000	0.600000
482	-39968.000000	9996.000000	0.600000
483	-39984.000000	9998.000000	0.600000
484	-40000.000000	10000.000000	0.600000
485	-40000.000000	10000.000000	0.600000
486	-40000.000000	10000.000000	0.600000
487	-39984.000000	9998.000000	0.600000
488	-39984.000000	9998.000000	0.600000
489	-39984.000000	9998.000000	0.600000
490	-39984.000000	9998.000000	0.600000
491	-40000.000000	10000.000000	0.600000
492	-40000.000000	10000.000000	0.600000
493	-39984.000000	9998.000000	0.600000
494	-39968.000000	9996.000000	0.600000
495	-39968.000000	9996.000000	0.600000
496	-39984.000000	9998.000000	0.600000
497	-39984.000000	9998.000000	0.600000
498	-39984.000000	9998.000000	0.600000
499	-40000.000000	10000.000000	0.600000
500	-40000.000000	10000.000000	0.600000
501	-40000.000000	10000.000000	0.600000
502	-40000.000000	10000.000000	0.600000
503	-39968.000000	9996.000000	0.600000
504	-39968.000000	9996.000000	0.600000
505	-39968.000000	9996.000000	0.600000
506	-39984.000000	9998.000000	0.600000
507	-40000.000000	10000.000000	0.600000
508	-40000.000000	10000.000000	0.600000
509	-40000.000000	10000.000000	0.600000
510	-40000.000000	10000.000000	0.600000
511	-40000.000000	10000.000000	0.600000
512	-40000.000000	10000.000000	0.600000
513	-39984.000000	9998.000000	0.600000
514	-40000.000000	10000.000000	0.600000
515	-39984.000000	9998.000000	0.600000
516	-40000.000000	10000.000000	0.600000
517	-40000.000000	10000.000000	0.600000
518	-39984.000000	9998.000000	0.600000
519	-40000.000000	10000.000000	0.600000
520	-40000.000000	10000.000000	0.600000
521	-39984.000000	9998.000000	0.600000
522	-39952.000000	9994.000000	0.600000
523	-39984.000000	9998.000000	0.600000
524	-40000.000000	10000.000000	0.600000
525	-39984.000000	9998.000000	0.600000
526	-39984.000000	9998.000000	0.600000
527	-40000.000000	10000.000000	0.600000
528	-40000.000000	10000.000000	0.600000
529	-39984.000000	9998.000000	0.600000
530	-39984.000000	9998.000000	0.600000
531	-39968.000000	9996.000000	0.600000
532	-39968.000000	9996.000000	0.600000
533	-39968.000000	9996.000000	0.600000
534	-39952.000000	9994.000000	0.600000
535	-39984.000000	9998.000000	0.600000
536	-39984.000000	9998.000000	0.600000
537	-39984.000000	9998.000000	0.600000
538	-40000.000000	10000.000000	0.600000
539	-39968.000000	9996.000000	0.600000
540	-40000.000000	10000.000000	0.600000
541	-40000.000000	10000.000000	0.600000
542	-39984.000000	9998.000000	0.600000
543	-39984.000000	9998.000000	0.600000
544	-40000.000000	10000.000000	0.600000
545	-39984.000000	9998.000000	0.600000
546	-40000.000000	10000.000000	0.600000
547	-39984.000000	9998.000000	0.600000
548	-39984.000000	9998.000000	0.600000
549	-39984.000000	9998.000000	0.600000
550	-39968.000000	9996.000000	0.600000
551	-39968.000000	9996.000000	0.600000
552	-39984.000000	9998.000000	0.600000
553	-40000.000000	10000.000000	0.600000
554	-39984.000000	9998.000000	0.600000
555	-40000.000000	10000.000000	0.600000
556	-39968.000000	9996.000000	0.600000
557	-39984.000000	9998.000000	0.600000
558	-39984.000000	9998.000000	0.600000
559	-40000.000000	10000.000000	0.600000
560	-39984.000000	9998.000000	0.600000
561	-39968.000000	9996.000000	0.600000
562	-40000.000000	10000.000000	0.600000
563	-40000.000000	10000.000000	0.600000
564	-40000.000000	10000.000000	0.600000
565	-40000.000000	10000.000000	0.600000
566	-39984.000000	9998.000000	0.600000
567	-40000.000000	10000.000000	0.600000
568	-39984.000000	9998.000000	0.600000
569	-40000.000000	10000.000000	0.600000
570	-40000.000000	10000.000000	0.600000
571	-40000.000000	10000.000000	0.600000
572	-40000.000000	10000.000000	0.600000
573	-40000.000000	10000.000000	0.600000
574	-40000.000000	10000.000000	0.600000
575	-40000.000000	10000.000000	0.600000
576	-40000.000000	10000.000000	0.600000
577	-39984.000000	9998.000000	0.600000
578	-40000.000000	10000.000000	0.600000
579	-40000.000000	10000.000000	0.600000
580	-40000.000000	10000.000000	0.600000
581	-40000.000000	10000.000000	0.600000
582	-39984.000000	9998.000000	0.600000
583	-39984.000000	9998.000000	0.600000
584	-39968.000000	9996.000000	0.600000
585	-39984.000000	9998.000000	0.600000
586	-40000.000000	10000.000000	0.600000
587	-40000.000000	10000.000000	0.600000
588	-40000.000000	10000.000000	0.600000
589	-40000.000000	10000.000000	0.600000
590	-39968.000000	9996.000000	0.600000
591	-40000.000000	10000.000000	0.600000
592	-40000.000000	10000.000000	0.600000
593	-40000.000000	10000.000000	0.600000
594	-39984.000000	9998.000000	0.600000
595	-40000.000000	10000.000000	0.600000
596	-40000.000000	10000.000000	0.600000
597	-40000.000000	10000.000000	0.600000
598	-40000.000000	10000.000000	0.600000
599	-39984.000000	9998.000000	0.600000
600	-39984.000000	9998.000000	0.600000
601	-40000.000000	10000.000000	0.600000
602	-39984.000000	9998.000000	0.600000
603	-39984.000000	9998.000000	0.600000
604	-39968.000000	9996.000000	0.600000
605	-39984.000000	9998.000000	0.600000
606	-39984.000000	9998.000000	0.600000
607	-40000.000000	10000.000000	0.600000
608	-39984.000000	9998.000000	0.600000
609	-39984.000000	9998.000000	0.600000
610	-40000.000000	10000.000000	0.600000
611	-40000.000000	10000.000000	0.600000
612	-39984.000000	9998.000000	0.600000
613	-39968.000000	9996.000000	0.600000
614	-40000.000000	10000.000000	0.600000
615	-40000.000000	10000.000000	0.600000
616	-40000.000000	10000.000000	0.600000
617	-39984.000000	9998.000000	0.600000
618	-39984.000000	9998.000000	0.600000
619	-39984.000000	9998.000000	0.600000
620	-39984.000000	9998.000000	0.600000
621	-39984.000000	9998.000000	0.600000
622	-40000.000000	10000.000000	0.600000
623	-40000.000000	10000.000000	0.600000
624	-40000.000000	10000.000000	0.600000
625	-39984.000000	9998.000000	0.600000
626	-40000.000000	10000.000000	0.600000
627	-39984.000000	9998.000000	0.600000
628	-39984.000000	9998.000000	0.600000
629	-40000.000000	10000.000000	0.600000
630	-40000.000000	10000.000000	0.600000
631	-40000.000000	10000.000000	0.600000
632	-40000.000000	10000.000000	0.600000
633	-40000.000000	10000.000000	0.600000
634	-39984.000000	9998.000000	0.600000
635	-39984.000000	9998.000000	0.600000
636	-40000.000000	10000.000000	0.600000
637	-40000.000000	10000.000000	0.600000
638	-40000.000000	10000.000000	0.600000
639	-40000.000000	10000.000000	0.600000
640	-40000.000000	10000.000000	0.600000
641	-40000.000000	10000.000000	0.600000
642	-39984.000000	9998.000000	0.600000
643	-40000.000000	10000.000000	0.600000
644	-40000.000000	10000.000000	0.600000
645	-39984.000000	9998.000000	0.600000
646	-40000.000000	10000.000000	0.600000
647	-39984.000000	9998.000000	0.600000
648	-39984.000000	9998.000000	0.600000
649	-39984.000000	9998.000000	0.600000
650	-40000.000000	10000.000000	0.600000
651	-40000.000000	10000.000000	0.600000
652	-40000.000000	10000.000000	0.600000
653	-39984.000000	9998.000000	0.600000
654	-40000.000000	10000.000000	0.600000
655	-39984.000000	9998.000000	0.600000
656	-39984.000000	9998.000000	0.600000
657	-39968.000000	9996.000000	0.600000
658	-40000.000000	10000.000000	0.600000
659	-40000.000000	10000.000000	0.600000
660	-40000.000000	10000.000000	0.600000
661	-39984.000000	9998.000000	0.600000
662	-39968.000000	9996.000000	0.600000
663	-39968.000000	9996.000000	0.600000
664	-40000.000000	10000.000000	0.600000
665	-40000.000000	10000.000000	0.600000
666	-39984.000000	9998.000000	0.600000
667	-39984.000000	9998.000000	0.600000
668	-40000.000000	10000.000000	0.600000
669	-40000.000000	10000.000000	0.600000
670	-40000.000000	10000.000000	0.600000
671	-40000.000000	10000.000000	0.600000
672	-40000.000000	10000.000000	0.600000
673	-40000.000000	10000.000000	0.600000
674	-39984.000000	9998.000000	0.600000
675	-40000.000000	10000.000000	0.600000
676	-40000.000000	10000.000000	0.600000
677	-39984.000000	9998.000000	0.600000
678	-39984.000000	9998.000000	0.600000
679	-40000.000000	10000.000000	0.600000
680	-40000.000000	10000.000000	0.600000
681	-40000.000000	10000.000000	0.600000
682	-40000.000000	10000.000000	0.600000
683	-39984.000000	9998.000000	0.600000
684	-39984.000000	9998.000000	0.600000
685	-39968.000000	9996.000000	0.600000
686	-40000.000000	10000.000000	0.600000
687	-40000.000000	10000.000000	0.600000
688	-40000.000000	10000.000000	0.600000
689	-39968.000000	9996.000000	0.600000
690	-40000.000000	10000.000000	0.600000
691	-40000.000000	10000.000000	0.600000
692	-40000.000000	10000.000000	0.600000
693	-40000.000000	10000.000000	0.600000
694	-39984.000000	9998.000000	0.600000
695	-39984.000000	9998.000000	0.600000
696	-40000.000000	10000.000000	0.600000
697	-39984.000000	9998.000000	0.600000
698	-40000.000000	10000.000000	0.600000
699	-39984.000000	9998.000000	0.600000
700	-40000.000000	10000.000000	0.600000
701	-40000.000000	10000.000000	0.600000
702	-39984.000000	9998.000000	0.600000
703	-39984.000000	9998.000000	0.600000
704	-39984.000000	9998.000000	0.600000
705	-39984.000000	9998.000000	0.600000
706	-40000.000000	10000.000000	0.600000
707	-39984.000000	9998.000000	0.600000
708	-40000.000000	10000.000000	0.600000
709	-39952.000000	9994.000000	0.600000
710	-39984.000000	9998.000000	0.600000
711	-40000.000000	10000.000000	0.600000
712	-39984.000000	9998.000000	0.600000
713	-40000.000000	10000.000000	0.600000
714	-39984.000000	9998.000000	0.600000
715	-40000.000000	10000.000000	0.600000
716	-40000.000000	10000.000000	0.600000
717	-39984.000000	9998.000000	0.600000
718	-39984.000000	9998.000000	0.600000
719	-40000.000000	10000.000000	0.600000
720	-39984.000000	9998.000000	0.600000
721	-40000.000000	10000.000000	0.600000
722	-39984.000000	9998.000000	0.600000
723	-39984.000000	9998.000000	0.600000
724	-40000.000000	10000.000000	0.600000
725	-40000.000000	10000.000000	0.600000
726	-40000.000000	10000.000000	0.600000
727	-39984.000000	9998.000000	0.600000
728	-39968.000000	9996.000000	0.600000
729	-39984.000000	9998.000000	0.600000
730	-40000.000000	10000.000000	0.600000
731	-40000.000000	10000.000000	0.600000
732	-40000.000000	10000.000000	0.600000
733	-40000.000000	10000.000000	0.600000
734	-40000.000000	10000.000000	0.600000
735	-40000.000000	10000.000000	0.600000
736	-39984.000000	9998.000000	0.600000
737	-40000.000000	10000.000000	0.600000
738	-40000.000000	10000.000000	0.600000
739	-39984.000000	9998.000000	0.600000
740	-39984.000000	9998.000000	0.600000
741	-39984.000000	9998.000000	0.600000
742	-39968.000000	9996.000000	0.600000
743	-39984.000000	9998.000000	0.600000
744	-39984.000000	9998.000000	0.600000
745	-39968.000000	9996.000000	0.600000
746	-39984.000000	9998.000000	0.600000
747	-39984.000000	9998.000000	0.600000
748	-39984.000000	9998.000000	0.600000
749	-40000.000000	10000.000000	0.600000
750	-39968.000000	9996.000000	0.600000
751	-39984.000000	9998.000000	0.600000
752	-39968.000000	9996.000000	0.600000
753	-39968.000000	9996.000000	0.600000
754	-39968.000000	9996.000000	0.600000
755	-39984.000000	9998.000000	0.600000
756	-39968.000000	9996.000000	0.600000
757	-39984.000000	9998.000000	0.600000
758	-40000.000000	10000.000000	0.600000
759	-39984.000000	9998.000000	0.600000
760	-39984.000000	9998.000000	0.600000
761	-39984.000000	9998.000000	0.600000
762	-40000.000000	10000.000000	0.600000
763	-40000.000000	10000.000000	0.600000
764	-40000.000000	10000.000000	0.600000
765	-39984.000000	9998.000000	0.600000
766	-40000.000000	10000.000000	0.600000
767	-40000.000000	10000.000000	0.600000
768	-40000.000000	10000.000000	0.600000
769	-39984.000000	9998.000000	0.600000
770	-40000.000000	10000.000000	0.600000
771	-40000.000000	10000.000000	0.600000
772	-39984.000000	9998.000000	0.600000
773	-40000.000000	10000.000000	0.600000
774	-40000.000000	10000.000000	0.600000
775	-39984.000000	9998.000000	0.600000
776	-39968.000000	9996.000000	0.600000
777	-39952.000000	9994.000000	0.600000
778	-39968.000000	9996.000000	0.600000
779	-39984.000000	9998.000000	0.600000
780	-40000.000000	10000.000000	0.600000
781	-39984.000000	9998.000000	0.600000
782	-40000.000000	10000.000000	0.600000
783	-39968.000000	9996.000000	0.600000
784	-40000.000000	10000.000000	0.600000
785	-39984.000000	9998.000000	0.600000
786	-39952.000000	9994.000000	0.600000
787	-39968.000000	9996.000000	0.600000
788	-39968.000000	9996.000000	0.600000
789	-39984.000000	9998.000000	0.600000
790	-39984.000000	9998.000000	0.600000
791	-39984.000000	9998.000000	0.600000
792	-39968.000000	9996.000000	0.600000
793	-40000.000000	10000.000000	0.600000
794	-40000.000000	10000.000000	0.600000
795	-40000.000000	10000.000000	0.600000
796	-40000.000000	10000.000000	0.600000
797	-39984.000000	9998.000000	0.600000
798	-40000.000000	10000.000000	0.600000
799	-39984.000000	9998.000000	0.600000
800	-39968.000000	9996.000000	0.600000
801	-39984.000000	9998.000000	0.600000
802	-40000.000000	10000.000000	0.600000
803	-39952.000000	9994.000000	0.600000
804	-39952.000000	9994.000000	0.600000
805	-40000.000000	10000.000000	0.600000
806	-40000.000000	10000.000000	0.600000
807	-40000.000000	10000.000000	0.600000
808	-40000.000000	10000.000000	0.600000
809	-40000.000000	10000.000000	0.600000
810	-40000.000000	10000.000000	0.600000
811	-40000.000000	10000.000000	0.600000
812	-40000.000000	10000.000000	0.600000
813	-40000.000000	10000.000000	0.600000
814	-40000.000000	10000.000000	0.600000
815	-40000.000000	10000.000000	0.600000
816	-40000.000000	10000.000000	0.600000
817	-40000.000000	10000.000000	0.600000
818	-40000.000000	10000.000000	0.600000
819	-40000.000000	10000.000000	0.600000
820	-40000.000000	10000.000000	0.600000
821	-39984.000000	9998.000000	0.600000
822	-40000.000000	10000.000000	0.600000
823	-40000.000000	10000.000000	0.600000
824	-39984.000000	9998.000000	0.600000
825	-40000.000000	10000.000000	0.600000
826	-39984.000000	9998.000000	0.600000
827	-39968.000000	9996.000000	0.600000
828	-39984.000000	9998.000000	0.600000
829	-40000.000000	10000.000000	0.600000
830	-40000.000000	10000.000000	0.600000
831	-40000.000000	10000.000000	0.600000
832	-39984.000000	9998.000000	0.600000
833	-40000.000000	10000.000000	0.600000
834	-40000.000000	10000.000000	0.600000
835	-40000.000000	10000.000000	0.600000
836	-40000.000000	10000.000000	0.600000
837	-39984.000000	9998.000000	0.600000
838	-39984.000000	9998.000000	0.600000
839	-40000.000000	10000.000000	0.600000
840	-39984.000000	9998.000000	0.600000
841	-39968.000000	9996.000000	0.600000
842	-40000.000000	10000.000000	0.600000
843	-40000.000000	10000.000000	0.600000
844	-40000.000000	10000.000000	0.600000
845	-40000.000000	10000.000000	0.600000
846	-40000.000000	10000.000000	0.600000
847	-40000.000000	10000.000000	0.600000
848	-40000.000000	10000.000000	0.600000
849	-39984.000000	9998.000000	0.600000
850	-39968.000000	9996.000000	0.600000
851	-39968.000000	9996.000000	0.600000
852	-39968.000000	9996.000000	0.600000
853	-39984.000000	9998.000000	0.600000
854	-40000.000000	10000.000000	0.600000
855	-39984.000000	9998.000000	0.600000
856	-40000.000000	10000.000000	0.600000
857	-39984.000000	9998.000000	0.600000
858	-40000.000000	10000.000000	0.600000
859	-39968.000000	9996.000000	0.600000
860	-39968.000000	9996.000000	0.600000
861	-40000.000000	10000.000000	0.600000
862	-40000.000000	10000.000000	0.600000
863	-39984.000000	9998.000000	0.600000
864	-40000.000000	10000.000000	0.600000
865	-40000.000000	10000.000000	0.600000
866	-40000.000000	10000.000000	0.600000
867	-39984.000000	9998.000000	0.600000
868	-39968.000000	9996.000000	0.600000
869	-39984.000000	9998.000000	0.600000
870	-40000.000000	10000.000000	0.600000
871	-40000.000000	10000.000000	0.600000
872	-39968.000000	9996.000000	0.600000
873	-40000.000000	10000.000000	0.600000
874	-40000.000000	10000.000000	0.600000
875	-39984.000000	9998.000000	0.600000
876	-39968.000000	9996.000000	0.600000
877	-39984.000000	9998.000000	0.600000
878	-40000.000000	10000.000000	0.600000
879	-40000.000000	10000.000000	0.600000
880	-39984.000000	9998.000000	0.600000
881	-39968.000000	9996.000000	0.600000
882	-39952.000000	9994.000000	0.600000
883	-40000.000000	10000.000000	0.600000
884	-39984.000000	9998.000000	0.600000
885	-39984.000000	9998.000000	0.600000
886	-40000.000000	10000.000000	0.600000
887	-40000.000000	10000.000000	0.600000
888	-39984.000000	9998.000000	0.600000
889	-39984.000000	9998.000000	0.600000
890	-39984.000000	9998.000000	0.600000
891	-39984.000000	9998.000000	0.600000
892	-39984.000000	9998.000000	0.600000
893	-40000.000000	10000.000000	0.600000
894	-39984.000000	9998.000000	0.600000
895	-40000.000000	10000.000000	0.600000
896	-39984.000000	9998.000000	0.600000
897	-40000.000000	10000.000000	0.600000
898	-40000.000000	10000.000000	0.600000
899	-40000.000000	10000.000000	0.600000
900	-39984.000000	9998.000000	0.600000
901	-39968.000000	9996.000000	0.600000
902	-40000.000000	10000.000000	0.600000
903	-40000.000000	10000.000000	0.600000
904	-39968.000000	9996.000000	0.600000
905	-40000.000000	10000.000000	0.600000
906	-40000.000000	10000.000000	0.600000
907	-39968.000000	9996.000000	0.600000
908	-39984.000000	9998.000000	0.600000
909	-39936.000000	9992.000000	0.600000
910	-39968.000000	9996.000000	0.600000
911	-39968.000000	9996.000000	0.600000
912	-39968.000000	9996.000000	0.600000
913	-40000.000000	10000.000000	0.600000
914	-39984.000000	9998.000000	0.600000
915	-39984.000000	9998.000000	0.600000
916	-40000.000000	10000.000000	0.600000
917	-40000.000000	10000.000000	0.600000
918	-39984.000000	9998.000000	0.600000
919	-39984.000000	9998.000000	0.600000
920	-39968.000000	9996.000000	0.600000
921	-39984.000000	9998.000000	0.600000
922	-39984.000000	9998.000000	0.600000
923	-39952.000000	9994.000000	0.600000
924	-39968.000000	9996.000000	0.600000
925	-40000.000000	10000.000000	0.600000
926	-39984.000000	9998.000000	0.600000
927	-39984.000000	9998.000000	0.600000
928	-40000.000000	10000.000000	0.600000
929	-39984.000000	9998.000000	0.600000
930	-40000.000000	10000.000000	0.600000
931	-40000.000000	10000.000000	0.600000
932	-40000.000000	10000.000000	0.600000
933	-40000.000000	10000.000000	0.600000
934	-40000.000000	10000.000000	0.600000
935	-40000.000000	10000.000000	0.600000
936	-40000.000000	10000.000000	0.600000
937	-39984.000000	9998.000000	0.600000
938	-39984.000000	9998.000000	0.600000
939	-39984.000000	9998.000000	0.600000
940	-39984.000000	9998.000000	0.600000
941	-39984.000000	9998.000000	0.600000
942	-39968.000000	9996.000000	0.600000
943	-40000.000000	10000.000000	0.600000
944	-40000.000000	10000.000000	0.600000
945	-40000.000000	10000.000000	0.600000
946	-39984.000000	9998.000000	0.600000
947	-39984.000000	9998.000000	0.600000
948	-39984.000000	9998.000000	0.600000
949	-40000.000000	10000.000000	0.600000
950	-40000.000000	10000.000000	0.600000
951	-40000.000000	10000.000000	0.600000
952	-39984.000000	9998.000000	0.600000
953	-39984.000000	9998.000000	0.600000
954	-39984.000000	9998.000000	0.600000
955	-40000.000000	10000.000000	0.600000
956	-39968.000000	9996.000000	0.600000
957	-39968.000000	9996.000000	0.600000
958	-39984.000000	9998.000000	0.600000
959	-40000.000000	10000.000000	0.600000
960	-39984.000000	9998.000000	0.600000
961	-39984.000000	9998.000000	0.600000
962	-39936.000000	9992.000000	0.600000
963	-39984.000000	9998.000000	0.600000
964	-39984.000000	9998.000000	0.600000
965	-39952.000000	9994.000000	0.600000
966	-39968.000000	9996.000000	0.600000
967	-40000.000000	10000.000000	0.600000
968	-39968.000000	9996.000000	0.600000
969	-40000.000000	10000.000000	0.600000
970	-40000.000000	10000.000000	0.600000
971	-39984.000000	9998.000000	0.600000
972	-39984.000000	9998.000000	0.600000
973	-39984.000000	9998.000000	0.600000
974	-40000.000000	10000.000000	0.600000
975	-40000.000000	10000.000000	0.600000
976	-40000.000000	10000.000000	0.600000
977	-40000.000000	10000.000000	0.600000
978	-40000.000000	10000.000000	0.600000
979	-40000.000000	10000.000000	0.600000
980	-40000.000000	10000.000000	0.600000
981	-40000.000000	10000.000000	0.600000
982	-40000.000000	10000.000000	0.600000
983	-40000.000000	10000.000000	0.600000
984	-40000.000000	10000.000000	0.600000
985	-40000.000000	10000.000000	0.600000
986	-39984.000000	9998.000000	0.600000
987	-39984.000000	9998.000000	0.600000
988	-39984.000000	9998.000000	0.600000
989	-40000.000000	10000.000000	0.600000
990	-39984.000000	9998.000000	0.600000
991	-40000.000000	10000.000000	0.600000
992	-40000.000000	10000.000000	0.600000
993	-40000.000000	10000.000000	0.600000
994	-39984.000000	9998.000000	0.600000
995	-40000.000000	10000.000000	0.600000
996	-40000.000000	10000.000000	0.600000
997	-40000.000000	10000.000000	0.600000
998	-40000.000000	10000.000000	0.600000
999	-40000.000000	10000.000000	0.600000
