# step,  Energy, magenetization 
0	-40000.000000	10000.000000	0.100000
1	-19316.000000	6594.000000	0.100000
2	-10844.000000	4212.000000	0.100000
3	-8392.000000	2986.000000	0.100000
4	-7196.000000	2080.000000	0.100000
5	-6308.000000	1336.000000	0.100000
6	-5696.000000	1096.000000	0.100000
7	-6380.000000	720.000000	0.100000
8	-5696.000000	732.000000	0.100000
9	-6328.000000	648.000000	0.100000
10	-6016.000000	358.000000	0.100000
11	-5884.000000	216.000000	0.100000
12	-6168.000000	158.000000	0.100000
13	-5680.000000	40.000000	0.100000
14	-6012.000000	-188.000000	0.100000
15	-6280.000000	-54.000000	0.100000
16	-6448.000000	172.000000	0.100000
17	-5908.000000	186.000000	0.100000
18	-5488.000000	346.000000	0.100000
19	-5716.000000	148.000000	0.100000
20	-5868.000000	76.000000	0.100000
21	-5568.000000	138.000000	0.100000
22	-5132.000000	28.000000	0.100000
23	-6112.000000	-162.000000	0.100000
24	-5724.000000	-372.000000	0.100000
25	-5744.000000	-188.000000	0.100000
26	-6488.000000	8.000000	0.100000
27	-6588.000000	248.000000	0.100000
28	-6096.000000	210.000000	0.100000
29	-5808.000000	114.000000	0.100000
30	-5888.000000	-90.000000	0.100000
31	-6224.000000	-156.000000	0.100000
32	-5340.000000	-162.000000	0.100000
33	-5632.000000	-92.000000	0.100000
34	-5636.000000	-2.000000	0.100000
35	-6308.000000	-316.000000	0.100000
36	-6136.000000	-228.000000	0.100000
37	-6316.000000	-190.000000	0.100000
38	-5952.000000	-246.000000	0.100000
39	-5860.000000	-102.000000	0.100000
40	-5456.000000	-44.000000	0.100000
41	-5560.000000	-58.000000	0.100000
42	-6104.000000	86.000000	0.100000
43	-6096.000000	68.000000	0.100000
44	-6352.000000	-170.000000	0.100000
45	-6328.000000	10.000000	0.100000
46	-6132.000000	-26.000000	0.100000
47	-6448.000000	212.000000	0.100000
48	-6164.000000	62.000000	0.100000
49	-6092.000000	-42.000000	0.100000
50	-6192.000000	-392.000000	0.100000
51	-5924.000000	156.000000	0.100000
52	-5680.000000	-100.000000	0.100000
53	-5820.000000	-202.000000	0.100000
54	-5392.000000	-146.000000	0.100000
55	-6116.000000	-246.000000	0.100000
56	-6316.000000	-88.000000	0.100000
57	-5816.000000	-36.000000	0.100000
58	-5980.000000	-186.000000	0.100000
59	-5736.000000	-158.000000	0.100000
60	-6184.000000	-346.000000	0.100000
61	-6608.000000	-160.000000	0.100000
62	-6172.000000	22.000000	0.100000
63	-6268.000000	54.000000	0.100000
64	-7104.000000	-164.000000	0.100000
65	-6640.000000	-82.000000	0.100000
66	-6096.000000	-22.000000	0.100000
67	-6356.000000	-128.000000	0.100000
68	-5888.000000	-336.000000	0.100000
69	-6028.000000	-214.000000	0.100000
70	-6472.000000	-268.000000	0.100000
71	-6276.000000	-210.000000	0.100000
72	-6252.000000	110.000000	0.100000
73	-6532.000000	264.000000	0.100000
74	-6464.000000	88.000000	0.100000
75	-6344.000000	154.000000	0.100000
76	-5904.000000	196.000000	0.100000
77	-5980.000000	-16.000000	0.100000
78	-6092.000000	-198.000000	0.100000
79	-6116.000000	-286.000000	0.100000
80	-6656.000000	-246.000000	0.100000
81	-5444.000000	-268.000000	0.100000
82	-5600.000000	-52.000000	0.100000
83	-5888.000000	148.000000	0.100000
84	-6056.000000	102.000000	0.100000
85	-5192.000000	-34.000000	0.100000
86	-5548.000000	-92.000000	0.100000
87	-5804.000000	-28.000000	0.100000
88	-6112.000000	36.000000	0.100000
89	-6424.000000	48.000000	0.100000
90	-6112.000000	-204.000000	0.100000
91	-6284.000000	-266.000000	0.100000
92	-5732.000000	-256.000000	0.100000
93	-5932.000000	-48.000000	0.100000
94	-6152.000000	10.000000	0.100000
95	-5868.000000	-182.000000	0.100000
96	-6424.000000	-10.000000	0.100000
97	-5920.000000	364.000000	0.100000
98	-5876.000000	296.000000	0.100000
99	-5736.000000	246.000000	0.100000
100	-5888.000000	0.000000	0.100000
101	-5844.000000	-68.000000	0.100000
102	-5876.000000	-218.000000	0.100000
103	-6228.000000	-282.000000	0.100000
104	-5652.000000	-104.000000	0.100000
105	-5916.000000	-40.000000	0.100000
106	-6088.000000	-30.000000	0.100000
107	-6284.000000	128.000000	0.100000
108	-6020.000000	-174.000000	0.100000
109	-6212.000000	-42.000000	0.100000
110	-5820.000000	-14.000000	0.100000
111	-5176.000000	-174.000000	0.100000
112	-5272.000000	-98.000000	0.100000
113	-5944.000000	-394.000000	0.100000
114	-5984.000000	-426.000000	0.100000
115	-5904.000000	-150.000000	0.100000
116	-5744.000000	-156.000000	0.100000
117	-6116.000000	-190.000000	0.100000
118	-5580.000000	-130.000000	0.100000
119	-6392.000000	8.000000	0.100000
120	-5956.000000	52.000000	0.100000
121	-5788.000000	72.000000	0.100000
122	-5560.000000	-80.000000	0.100000
123	-5992.000000	-148.000000	0.100000
124	-5664.000000	-54.000000	0.100000
125	-6116.000000	-120.000000	0.100000
126	-6036.000000	-140.000000	0.100000
127	-5580.000000	186.000000	0.100000
128	-5140.000000	172.000000	0.100000
129	-5468.000000	-102.000000	0.100000
130	-5992.000000	-74.000000	0.100000
131	-5800.000000	-154.000000	0.100000
132	-6096.000000	-166.000000	0.100000
133	-5960.000000	-58.000000	0.100000
134	-5612.000000	110.000000	0.100000
135	-5960.000000	-68.000000	0.100000
136	-5940.000000	68.000000	0.100000
137	-5588.000000	-140.000000	0.100000
138	-5488.000000	38.000000	0.100000
139	-5540.000000	6.000000	0.100000
140	-5884.000000	196.000000	0.100000
141	-5664.000000	174.000000	0.100000
142	-6016.000000	96.000000	0.100000
143	-5720.000000	120.000000	0.100000
144	-5404.000000	430.000000	0.100000
145	-5492.000000	138.000000	0.100000
146	-5916.000000	-8.000000	0.100000
147	-5792.000000	-260.000000	0.100000
148	-5656.000000	34.000000	0.100000
149	-5416.000000	-202.000000	0.100000
150	-5928.000000	-132.000000	0.100000
151	-5500.000000	-84.000000	0.100000
152	-5272.000000	-66.000000	0.100000
153	-5332.000000	-124.000000	0.100000
154	-5464.000000	-74.000000	0.100000
155	-6084.000000	128.000000	0.100000
156	-5572.000000	150.000000	0.100000
157	-5612.000000	172.000000	0.100000
158	-5300.000000	164.000000	0.100000
159	-5472.000000	112.000000	0.100000
160	-6072.000000	-138.000000	0.100000
161	-6032.000000	-24.000000	0.100000
162	-6116.000000	-148.000000	0.100000
163	-5708.000000	-108.000000	0.100000
164	-6252.000000	-84.000000	0.100000
165	-5516.000000	-2.000000	0.100000
166	-5800.000000	276.000000	0.100000
167	-5560.000000	110.000000	0.100000
168	-5392.000000	102.000000	0.100000
169	-6068.000000	-94.000000	0.100000
170	-6108.000000	50.000000	0.100000
171	-6128.000000	282.000000	0.100000
172	-5920.000000	160.000000	0.100000
173	-5608.000000	-42.000000	0.100000
174	-5596.000000	54.000000	0.100000
175	-6060.000000	-166.000000	0.100000
176	-6200.000000	6.000000	0.100000
177	-5952.000000	60.000000	0.100000
178	-6308.000000	300.000000	0.100000
179	-5952.000000	-62.000000	0.100000
180	-6036.000000	120.000000	0.100000
181	-6500.000000	16.000000	0.100000
182	-5536.000000	78.000000	0.100000
183	-5848.000000	-20.000000	0.100000
184	-6456.000000	-32.000000	0.100000
185	-5644.000000	228.000000	0.100000
186	-5884.000000	236.000000	0.100000
187	-5828.000000	294.000000	0.100000
188	-5644.000000	176.000000	0.100000
189	-6096.000000	244.000000	0.100000
190	-5796.000000	96.000000	0.100000
191	-6416.000000	408.000000	0.100000
192	-5792.000000	74.000000	0.100000
193	-5248.000000	-104.000000	0.100000
194	-5816.000000	106.000000	0.100000
195	-5608.000000	-38.000000	0.100000
196	-5776.000000	-120.000000	0.100000
197	-5912.000000	-184.000000	0.100000
198	-6144.000000	-108.000000	0.100000
199	-6172.000000	-30.000000	0.100000
200	-5432.000000	4.000000	0.100000
201	-5616.000000	50.000000	0.100000
202	-5196.000000	326.000000	0.100000
203	-6028.000000	124.000000	0.100000
204	-6100.000000	232.000000	0.100000
205	-5524.000000	218.000000	0.100000
206	-6504.000000	544.000000	0.100000
207	-6016.000000	246.000000	0.100000
208	-6268.000000	222.000000	0.100000
209	-6304.000000	-8.000000	0.100000
210	-6596.000000	-310.000000	0.100000
211	-6048.000000	-430.000000	0.100000
212	-5692.000000	-334.000000	0.100000
213	-5444.000000	-204.000000	0.100000
214	-6056.000000	-270.000000	0.100000
215	-5864.000000	-358.000000	0.100000
216	-5852.000000	-44.000000	0.100000
217	-5788.000000	-98.000000	0.100000
218	-5472.000000	170.000000	0.100000
219	-5532.000000	90.000000	0.100000
220	-5732.000000	248.000000	0.100000
221	-5712.000000	96.000000	0.100000
222	-5924.000000	-110.000000	0.100000
223	-6132.000000	-124.000000	0.100000
224	-5756.000000	-92.000000	0.100000
225	-5424.000000	16.000000	0.100000
226	-5920.000000	4.000000	0.100000
227	-5680.000000	60.000000	0.100000
228	-5888.000000	-86.000000	0.100000
229	-5520.000000	-124.000000	0.100000
230	-5504.000000	-212.000000	0.100000
231	-5952.000000	-314.000000	0.100000
232	-5888.000000	-320.000000	0.100000
233	-6280.000000	-390.000000	0.100000
234	-6376.000000	-376.000000	0.100000
235	-6036.000000	-256.000000	0.100000
236	-5972.000000	-62.000000	0.100000
237	-6332.000000	26.000000	0.100000
238	-6244.000000	-12.000000	0.100000
239	-6204.000000	230.000000	0.100000
240	-6208.000000	242.000000	0.100000
241	-5572.000000	138.000000	0.100000
242	-5408.000000	54.000000	0.100000
243	-5608.000000	338.000000	0.100000
244	-5696.000000	498.000000	0.100000
245	-5564.000000	354.000000	0.100000
246	-5376.000000	160.000000	0.100000
247	-5564.000000	206.000000	0.100000
248	-6200.000000	264.000000	0.100000
249	-6264.000000	88.000000	0.100000
250	-5856.000000	282.000000	0.100000
251	-5836.000000	190.000000	0.100000
252	-6152.000000	330.000000	0.100000
253	-5788.000000	20.000000	0.100000
254	-5836.000000	112.000000	0.100000
255	-5688.000000	6.000000	0.100000
256	-5596.000000	44.000000	0.100000
257	-5840.000000	-74.000000	0.100000
258	-5968.000000	-346.000000	0.100000
259	-6024.000000	-240.000000	0.100000
260	-5424.000000	-176.000000	0.100000
261	-5860.000000	-76.000000	0.100000
262	-6076.000000	56.000000	0.100000
263	-5320.000000	86.000000	0.100000
264	-6084.000000	-74.000000	0.100000
265	-6252.000000	-184.000000	0.100000
266	-5720.000000	0.000000	0.100000
267	-5744.000000	-212.000000	0.100000
268	-5936.000000	-112.000000	0.100000
269	-5828.000000	176.000000	0.100000
270	-6044.000000	-2.000000	0.100000
271	-5904.000000	162.000000	0.100000
272	-6324.000000	206.000000	0.100000
273	-5772.000000	134.000000	0.100000
274	-6004.000000	260.000000	0.100000
275	-5616.000000	282.000000	0.100000
276	-5884.000000	214.000000	0.100000
277	-5528.000000	358.000000	0.100000
278	-5868.000000	300.000000	0.100000
279	-6252.000000	494.000000	0.100000
280	-6360.000000	214.000000	0.100000
281	-6300.000000	16.000000	0.100000
282	-6264.000000	-258.000000	0.100000
283	-5616.000000	-352.000000	0.100000
284	-5784.000000	-250.000000	0.100000
285	-5912.000000	-296.000000	0.100000
286	-6196.000000	-96.000000	0.100000
287	-6648.000000	6.000000	0.100000
288	-6392.000000	-62.000000	0.100000
289	-6284.000000	-294.000000	0.100000
290	-5776.000000	-180.000000	0.100000
291	-5724.000000	38.000000	0.100000
292	-5904.000000	-86.000000	0.100000
293	-5684.000000	-200.000000	0.100000
294	-5792.000000	16.000000	0.100000
295	-6352.000000	194.000000	0.100000
296	-6320.000000	82.000000	0.100000
297	-5764.000000	160.000000	0.100000
298	-5756.000000	360.000000	0.100000
299	-5728.000000	272.000000	0.100000
300	-6008.000000	162.000000	0.100000
301	-6004.000000	-108.000000	0.100000
302	-6300.000000	2.000000	0.100000
303	-5596.000000	-144.000000	0.100000
304	-5456.000000	-110.000000	0.100000
305	-5596.000000	90.000000	0.100000
306	-5920.000000	28.000000	0.100000
307	-5928.000000	10.000000	0.100000
308	-5972.000000	-142.000000	0.100000
309	-6516.000000	-112.000000	0.100000
310	-6276.000000	-102.000000	0.100000
311	-5836.000000	54.000000	0.100000
312	-6152.000000	160.000000	0.100000
313	-6136.000000	222.000000	0.100000
314	-5972.000000	-78.000000	0.100000
315	-6200.000000	-30.000000	0.100000
316	-6000.000000	128.000000	0.100000
317	-6156.000000	266.000000	0.100000
318	-5784.000000	178.000000	0.100000
319	-6040.000000	-48.000000	0.100000
320	-6140.000000	-338.000000	0.100000
321	-5492.000000	-90.000000	0.100000
322	-6012.000000	-4.000000	0.100000
323	-5476.000000	150.000000	0.100000
324	-6104.000000	-96.000000	0.100000
325	-6192.000000	166.000000	0.100000
326	-5860.000000	58.000000	0.100000
327	-5964.000000	92.000000	0.100000
328	-5728.000000	122.000000	0.100000
329	-6184.000000	38.000000	0.100000
330	-6376.000000	146.000000	0.100000
331	-5352.000000	180.000000	0.100000
332	-5804.000000	154.000000	0.100000
333	-5528.000000	-98.000000	0.100000
334	-5820.000000	-78.000000	0.100000
335	-5908.000000	-148.000000	0.100000
336	-5628.000000	-126.000000	0.100000
337	-6272.000000	-350.000000	0.100000
338	-5996.000000	-254.000000	0.100000
339	-5512.000000	-118.000000	0.100000
340	-5276.000000	-182.000000	0.100000
341	-5884.000000	64.000000	0.100000
342	-6368.000000	-4.000000	0.100000
343	-5844.000000	54.000000	0.100000
344	-5948.000000	84.000000	0.100000
345	-5512.000000	-244.000000	0.100000
346	-5676.000000	-244.000000	0.100000
347	-6060.000000	-178.000000	0.100000
348	-6180.000000	-102.000000	0.100000
349	-5820.000000	130.000000	0.100000
350	-6072.000000	-46.000000	0.100000
351	-5536.000000	-14.000000	0.100000
352	-5892.000000	-56.000000	0.100000
353	-6076.000000	-90.000000	0.100000
354	-5804.000000	-58.000000	0.100000
355	-5664.000000	164.000000	0.100000
356	-5484.000000	18.000000	0.100000
357	-5664.000000	-144.000000	0.100000
358	-6008.000000	-358.000000	0.100000
359	-5464.000000	-340.000000	0.100000
360	-6256.000000	-182.000000	0.100000
361	-6404.000000	-18.000000	0.100000
362	-5988.000000	52.000000	0.100000
363	-6372.000000	-16.000000	0.100000
364	-5924.000000	-26.000000	0.100000
365	-6196.000000	-144.000000	0.100000
366	-6244.000000	-180.000000	0.100000
367	-5864.000000	-256.000000	0.100000
368	-6156.000000	-458.000000	0.100000
369	-5720.000000	-178.000000	0.100000
370	-5852.000000	-40.000000	0.100000
371	-5864.000000	34.000000	0.100000
372	-5884.000000	-8.000000	0.100000
373	-5736.000000	104.000000	0.100000
374	-5984.000000	130.000000	0.100000
375	-5112.000000	60.000000	0.100000
376	-6120.000000	-100.000000	0.100000
377	-6544.000000	-88.000000	0.100000
378	-5488.000000	-168.000000	0.100000
379	-5728.000000	148.000000	0.100000
380	-5708.000000	218.000000	0.100000
381	-5348.000000	188.000000	0.100000
382	-5908.000000	-48.000000	0.100000
383	-5908.000000	-114.000000	0.100000
384	-5548.000000	-86.000000	0.100000
385	-6052.000000	-72.000000	0.100000
386	-5872.000000	-42.000000	0.100000
387	-5948.000000	-284.000000	0.100000
388	-5460.000000	-196.000000	0.100000
389	-5548.000000	46.000000	0.100000
390	-6316.000000	2.000000	0.100000
391	-5872.000000	-34.000000	0.100000
392	-5568.000000	72.000000	0.100000
393	-5680.000000	128.000000	0.100000
394	-5576.000000	218.000000	0.100000
395	-5560.000000	206.000000	0.100000
396	-6104.000000	228.000000	0.100000
397	-6584.000000	74.000000	0.100000
398	-6912.000000	132.000000	0.100000
399	-6236.000000	-234.000000	0.100000
400	-6492.000000	-504.000000	0.100000
401	-6192.000000	-290.000000	0.100000
402	-6448.000000	-162.000000	0.100000
403	-6256.000000	-194.000000	0.100000
404	-6360.000000	6.000000	0.100000
405	-6272.000000	-60.000000	0.100000
406	-5812.000000	-128.000000	0.100000
407	-5832.000000	-46.000000	0.100000
408	-5900.000000	288.000000	0.100000
409	-5832.000000	-106.000000	0.100000
410	-6172.000000	36.000000	0.100000
411	-6216.000000	-62.000000	0.100000
412	-6224.000000	262.000000	0.100000
413	-5608.000000	46.000000	0.100000
414	-6064.000000	188.000000	0.100000
415	-5988.000000	54.000000	0.100000
416	-5468.000000	234.000000	0.100000
417	-5616.000000	292.000000	0.100000
418	-5792.000000	436.000000	0.100000
419	-5728.000000	128.000000	0.100000
420	-5940.000000	182.000000	0.100000
421	-6340.000000	228.000000	0.100000
422	-5848.000000	128.000000	0.100000
423	-5600.000000	278.000000	0.100000
424	-5316.000000	-18.000000	0.100000
425	-4948.000000	104.000000	0.100000
426	-5664.000000	-14.000000	0.100000
427	-5960.000000	-54.000000	0.100000
428	-5892.000000	-6.000000	0.100000
429	-6296.000000	-176.000000	0.100000
430	-6040.000000	-138.000000	0.100000
431	-6088.000000	-168.000000	0.100000
432	-5892.000000	-88.000000	0.100000
433	-5832.000000	-84.000000	0.100000
434	-5804.000000	60.000000	0.100000
435	-6100.000000	-112.000000	0.100000
436	-5752.000000	46.000000	0.100000
437	-5860.000000	-238.000000	0.100000
438	-6184.000000	28.000000	0.100000
439	-6004.000000	-212.000000	0.100000
440	-5708.000000	-412.000000	0.100000
441	-6220.000000	-196.000000	0.100000
442	-5984.000000	-192.000000	0.100000
443	-5756.000000	-200.000000	0.100000
444	-5708.000000	-176.000000	0.100000
445	-5576.000000	-24.000000	0.100000
446	-5928.000000	80.000000	0.100000
447	-5776.000000	236.000000	0.100000
448	-6060.000000	-28.000000	0.100000
449	-6080.000000	16.000000	0.100000
450	-5764.000000	110.000000	0.100000
451	-6068.000000	54.000000	0.100000
452	-5896.000000	88.000000	0.100000
453	-5820.000000	0.000000	0.100000
454	-5676.000000	74.000000	0.100000
455	-6480.000000	-48.000000	0.100000
456	-5936.000000	-148.000000	0.100000
457	-5780.000000	-144.000000	0.100000
458	-6160.000000	-14.000000	0.100000
459	-6004.000000	126.000000	0.100000
460	-5716.000000	132.000000	0.100000
461	-6084.000000	-208.000000	0.100000
462	-5952.000000	30.000000	0.100000
463	-5828.000000	46.000000	0.100000
464	-6092.000000	0.000000	0.100000
465	-6212.000000	58.000000	0.100000
466	-5388.000000	-42.000000	0.100000
467	-6160.000000	-92.000000	0.100000
468	-6276.000000	-174.000000	0.100000
469	-6300.000000	-24.000000	0.100000
470	-5860.000000	34.000000	0.100000
471	-6552.000000	-78.000000	0.100000
472	-5752.000000	-68.000000	0.100000
473	-5736.000000	-122.000000	0.100000
474	-5788.000000	-218.000000	0.100000
475	-6276.000000	-272.000000	0.100000
476	-6164.000000	-138.000000	0.100000
477	-6152.000000	-52.000000	0.100000
478	-5908.000000	-140.000000	0.100000
479	-6000.000000	118.000000	0.100000
480	-5620.000000	46.000000	0.100000
481	-5924.000000	132.000000	0.100000
482	-5744.000000	138.000000	0.100000
483	-5492.000000	116.000000	0.100000
484	-5940.000000	192.000000	0.100000
485	-5824.000000	150.000000	0.100000
486	-5936.000000	12.000000	0.100000
487	-5588.000000	8.000000	0.100000
488	-5888.000000	146.000000	0.100000
489	-6356.000000	134.000000	0.100000
490	-6012.000000	8.000000	0.100000
491	-5624.000000	-212.000000	0.100000
492	-5248.000000	-150.000000	0.100000
493	-5540.000000	40.000000	0.100000
494	-6024.000000	-62.000000	0.100000
495	-5648.000000	36.000000	0.100000
496	-5752.000000	42.000000	0.100000
497	-5712.000000	100.000000	0.100000
498	-5728.000000	36.000000	0.100000
499	-5848.000000	-156.000000	0.100000
500	-5832.000000	-298.000000	0.100000
501	-5708.000000	-248.000000	0.100000
502	-5936.000000	-174.000000	0.100000
503	-5576.000000	-96.000000	0.100000
504	-6272.000000	26.000000	0.100000
505	-5804.000000	-150.000000	0.100000
506	-5916.000000	14.000000	0.100000
507	-6240.000000	-204.000000	0.100000
508	-6532.000000	-210.000000	0.100000
509	-5504.000000	-30.000000	0.100000
510	-5588.000000	8.000000	0.100000
511	-6256.000000	12.000000	0.100000
512	-5780.000000	204.000000	0.100000
513	-6004.000000	228.000000	0.100000
514	-5972.000000	290.000000	0.100000
515	-6172.000000	250.000000	0.100000
516	-6232.000000	16.000000	0.100000
517	-5880.000000	66.000000	0.100000
518	-5908.000000	-256.000000	0.100000
519	-5708.000000	22.000000	0.100000
520	-6132.000000	122.000000	0.100000
521	-5704.000000	126.000000	0.100000
522	-6048.000000	136.000000	0.100000
523	-5496.000000	-62.000000	0.100000
524	-5904.000000	-450.000000	0.100000
525	-6108.000000	-94.000000	0.100000
526	-5836.000000	40.000000	0.100000
527	-6248.000000	-86.000000	0.100000
528	-6496.000000	-276.000000	0.100000
529	-6192.000000	-144.000000	0.100000
530	-5996.000000	60.000000	0.100000
531	-6432.000000	-48.000000	0.100000
532	-6276.000000	-142.000000	0.100000
533	-6008.000000	-54.000000	0.100000
534	-6324.000000	146.000000	0.100000
535	-5728.000000	98.000000	0.100000
536	-5644.000000	110.000000	0.100000
537	-5644.000000	400.000000	0.100000
538	-6084.000000	334.000000	0.100000
539	-6224.000000	370.000000	0.100000
540	-6268.000000	288.000000	0.100000
541	-6252.000000	164.000000	0.100000
542	-6440.000000	304.000000	0.100000
543	-6428.000000	238.000000	0.100000
544	-6344.000000	-142.000000	0.100000
545	-6136.000000	-150.000000	0.100000
546	-6180.000000	100.000000	0.100000
547	-6340.000000	208.000000	0.100000
548	-6272.000000	526.000000	0.100000
549	-6136.000000	350.000000	0.100000
550	-5760.000000	164.000000	0.100000
551	-6112.000000	-8.000000	0.100000
552	-5712.000000	220.000000	0.100000
553	-5824.000000	40.000000	0.100000
554	-5388.000000	34.000000	0.100000
555	-5944.000000	-80.000000	0.100000
556	-5992.000000	222.000000	0.100000
557	-5740.000000	-62.000000	0.100000
558	-6592.000000	-74.000000	0.100000
559	-6292.000000	-206.000000	0.100000
560	-5928.000000	-314.000000	0.100000
561	-6028.000000	-320.000000	0.100000
562	-5772.000000	-146.000000	0.100000
563	-5792.000000	-78.000000	0.100000
564	-6084.000000	-28.000000	0.100000
565	-5972.000000	16.000000	0.100000
566	-6212.000000	-128.000000	0.100000
567	-5900.000000	-112.000000	0.100000
568	-6256.000000	144.000000	0.100000
569	-5812.000000	-30.000000	0.100000
570	-6092.000000	-64.000000	0.100000
571	-6064.000000	-98.000000	0.100000
572	-5768.000000	142.000000	0.100000
573	-5708.000000	218.000000	0.100000
574	-5696.000000	242.000000	0.100000
575	-5904.000000	134.000000	0.100000
576	-6412.000000	30.000000	0.100000
577	-6456.000000	-82.000000	0.100000
578	-5860.000000	-96.000000	0.100000
579	-6304.000000	-78.000000	0.100000
580	-6340.000000	-110.000000	0.100000
581	-6128.000000	-80.000000	0.100000
582	-6216.000000	-178.000000	0.100000
583	-5808.000000	-32.000000	0.100000
584	-5492.000000	-86.000000	0.100000
585	-5756.000000	-244.000000	0.100000
586	-5712.000000	-286.000000	0.100000
587	-5908.000000	-200.000000	0.100000
588	-6044.000000	170.000000	0.100000
589	-5812.000000	58.000000	0.100000
590	-5848.000000	16.000000	0.100000
591	-5996.000000	128.000000	0.100000
592	-5724.000000	144.000000	0.100000
593	-5788.000000	-40.000000	0.100000
594	-5580.000000	108.000000	0.100000
595	-5788.000000	62.000000	0.100000
596	-6576.000000	-84.000000	0.100000
597	-6248.000000	74.000000	0.100000
598	-6300.000000	58.000000	0.100000
599	-6284.000000	-412.000000	0.100000
600	-5776.000000	16.000000	0.100000
601	-5784.000000	96.000000	0.100000
602	-5788.000000	-6.000000	0.100000
603	-5924.000000	46.000000	0.100000
604	-5896.000000	120.000000	0.100000
605	-5824.000000	-40.000000	0.100000
606	-6184.000000	-202.000000	0.100000
607	-6080.000000	-296.000000	0.100000
608	-6024.000000	-222.000000	0.100000
609	-5996.000000	-128.000000	0.100000
610	-6152.000000	-92.000000	0.100000
611	-6232.000000	-6.000000	0.100000
612	-5984.000000	220.000000	0.100000
613	-6384.000000	-32.000000	0.100000
614	-6320.000000	50.000000	0.100000
615	-6116.000000	0.000000	0.100000
616	-5516.000000	112.000000	0.100000
617	-5864.000000	204.000000	0.100000
618	-5904.000000	24.000000	0.100000
619	-6032.000000	-28.000000	0.100000
620	-5764.000000	28.000000	0.100000
621	-5920.000000	-300.000000	0.100000
622	-5868.000000	-108.000000	0.100000
623	-6036.000000	-72.000000	0.100000
624	-5996.000000	140.000000	0.100000
625	-5552.000000	50.000000	0.100000
626	-6300.000000	-152.000000	0.100000
627	-5884.000000	-218.000000	0.100000
628	-5564.000000	-302.000000	0.100000
629	-5532.000000	-286.000000	0.100000
630	-5788.000000	-126.000000	0.100000
631	-5760.000000	-112.000000	0.100000
632	-6252.000000	0.000000	0.100000
633	-6496.000000	14.000000	0.100000
634	-6624.000000	-152.000000	0.100000
635	-6236.000000	-312.000000	0.100000
636	-5508.000000	-188.000000	0.100000
637	-5728.000000	-250.000000	0.100000
638	-5844.000000	-54.000000	0.100000
639	-5640.000000	-232.000000	0.100000
640	-5868.000000	-10.000000	0.100000
641	-6136.000000	242.000000	0.100000
642	-6128.000000	-56.000000	0.100000
643	-5960.000000	116.000000	0.100000
644	-5680.000000	-74.000000	0.100000
645	-5612.000000	-182.000000	0.100000
646	-5148.000000	-90.000000	0.100000
647	-5348.000000	14.000000	0.100000
648	-5780.000000	32.000000	0.100000
649	-5824.000000	4.000000	0.100000
650	-5476.000000	-130.000000	0.100000
651	-5780.000000	-436.000000	0.100000
652	-5636.000000	-426.000000	0.100000
653	-5900.000000	-456.000000	0.100000
654	-6368.000000	-176.000000	0.100000
655	-5868.000000	-190.000000	0.100000
656	-5800.000000	-178.000000	0.100000
657	-6288.000000	-138.000000	0.100000
658	-5912.000000	42.000000	0.100000
659	-5768.000000	72.000000	0.100000
660	-6080.000000	-178.000000	0.100000
661	-5884.000000	4.000000	0.100000
662	-5740.000000	6.000000	0.100000
663	-5372.000000	42.000000	0.100000
664	-6052.000000	-82.000000	0.100000
665	-6508.000000	-50.000000	0.100000
666	-5336.000000	84.000000	0.100000
667	-5712.000000	-104.000000	0.100000
668	-5892.000000	28.000000	0.100000
669	-6160.000000	198.000000	0.100000
670	-5852.000000	172.000000	0.100000
671	-5752.000000	54.000000	0.100000
672	-5928.000000	226.000000	0.100000
673	-6000.000000	334.000000	0.100000
674	-6116.000000	326.000000	0.100000
675	-6360.000000	174.000000	0.100000
676	-6104.000000	174.000000	0.100000
677	-6308.000000	186.000000	0.100000
678	-5764.000000	96.000000	0.100000
679	-5916.000000	-162.000000	0.100000
680	-6364.000000	10.000000	0.100000
681	-5796.000000	304.000000	0.100000
682	-5596.000000	402.000000	0.100000
683	-5860.000000	-56.000000	0.100000
684	-5708.000000	-68.000000	0.100000
685	-5952.000000	114.000000	0.100000
686	-6128.000000	198.000000	0.100000
687	-5932.000000	28.000000	0.100000
688	-6368.000000	-30.000000	0.100000
689	-6060.000000	6.000000	0.100000
690	-5544.000000	130.000000	0.100000
691	-5900.000000	-284.000000	0.100000
692	-5652.000000	-84.000000	0.100000
693	-6044.000000	60.000000	0.100000
694	-6032.000000	138.000000	0.100000
695	-5900.000000	124.000000	0.100000
696	-5676.000000	118.000000	0.100000
697	-6284.000000	-20.000000	0.100000
698	-6632.000000	294.000000	0.100000
699	-5816.000000	130.000000	0.100000
700	-6504.000000	-38.000000	0.100000
701	-6628.000000	-108.000000	0.100000
702	-6504.000000	-218.000000	0.100000
703	-6368.000000	-400.000000	0.100000
704	-5976.000000	-234.000000	0.100000
705	-6228.000000	-84.000000	0.100000
706	-5984.000000	48.000000	0.100000
707	-5792.000000	44.000000	0.100000
708	-6072.000000	102.000000	0.100000
709	-6076.000000	152.000000	0.100000
710	-5516.000000	104.000000	0.100000
711	-5984.000000	-42.000000	0.100000
712	-5936.000000	64.000000	0.100000
713	-6108.000000	140.000000	0.100000
714	-6084.000000	-8.000000	0.100000
715	-5876.000000	-242.000000	0.100000
716	-6084.000000	-82.000000	0.100000
717	-5828.000000	-198.000000	0.100000
718	-6212.000000	-78.000000	0.100000
719	-6340.000000	42.000000	0.100000
720	-6256.000000	58.000000	0.100000
721	-5700.000000	-32.000000	0.100000
722	-5472.000000	82.000000	0.100000
723	-5804.000000	-130.000000	0.100000
724	-6168.000000	-216.000000	0.100000
725	-5936.000000	-316.000000	0.100000
726	-6272.000000	-150.000000	0.100000
727	-6372.000000	-50.000000	0.100000
728	-6068.000000	-54.000000	0.100000
729	-5612.000000	96.000000	0.100000
730	-5452.000000	-26.000000	0.100000
731	-5632.000000	-158.000000	0.100000
732	-5984.000000	-230.000000	0.100000
733	-5832.000000	-350.000000	0.100000
734	-5504.000000	-144.000000	0.100000
735	-5688.000000	-250.000000	0.100000
736	-5732.000000	-100.000000	0.100000
737	-5744.000000	-140.000000	0.100000
738	-5500.000000	-170.000000	0.100000
739	-6120.000000	-250.000000	0.100000
740	-6012.000000	64.000000	0.100000
741	-6092.000000	-108.000000	0.100000
742	-6112.000000	-58.000000	0.100000
743	-5640.000000	-126.000000	0.100000
744	-6112.000000	-210.000000	0.100000
745	-5636.000000	-190.000000	0.100000
746	-5884.000000	-176.000000	0.100000
747	-6116.000000	0.000000	0.100000
748	-5832.000000	-36.000000	0.100000
749	-6168.000000	38.000000	0.100000
750	-5724.000000	142.000000	0.100000
751	-5764.000000	8.000000	0.100000
752	-5760.000000	-110.000000	0.100000
753	-5636.000000	170.000000	0.100000
754	-5516.000000	44.000000	0.100000
755	-5732.000000	4.000000	0.100000
756	-5860.000000	26.000000	0.100000
757	-5760.000000	144.000000	0.100000
758	-6244.000000	-40.000000	0.100000
759	-6104.000000	-60.000000	0.100000
760	-6236.000000	-126.000000	0.100000
761	-5228.000000	-174.000000	0.100000
762	-5796.000000	180.000000	0.100000
763	-6296.000000	156.000000	0.100000
764	-6272.000000	-4.000000	0.100000
765	-5324.000000	-216.000000	0.100000
766	-5768.000000	-100.000000	0.100000
767	-6408.000000	104.000000	0.100000
768	-5700.000000	-30.000000	0.100000
769	-5700.000000	140.000000	0.100000
770	-5056.000000	202.000000	0.100000
771	-5356.000000	30.000000	0.100000
772	-5844.000000	10.000000	0.100000
773	-6232.000000	158.000000	0.100000
774	-5868.000000	98.000000	0.100000
775	-5900.000000	12.000000	0.100000
776	-6060.000000	-164.000000	0.100000
777	-5908.000000	-64.000000	0.100000
778	-5748.000000	-12.000000	0.100000
779	-5788.000000	-216.000000	0.100000
780	-6088.000000	2.000000	0.100000
781	-6308.000000	98.000000	0.100000
782	-5824.000000	-150.000000	0.100000
783	-5920.000000	12.000000	0.100000
784	-6320.000000	-78.000000	0.100000
785	-5772.000000	22.000000	0.100000
786	-5892.000000	-110.000000	0.100000
787	-5684.000000	48.000000	0.100000
788	-5504.000000	150.000000	0.100000
789	-6300.000000	92.000000	0.100000
790	-6080.000000	140.000000	0.100000
791	-5868.000000	112.000000	0.100000
792	-5524.000000	68.000000	0.100000
793	-6068.000000	-170.000000	0.100000
794	-5912.000000	-134.000000	0.100000
795	-5628.000000	-208.000000	0.100000
796	-5668.000000	-114.000000	0.100000
797	-5448.000000	188.000000	0.100000
798	-5432.000000	-234.000000	0.100000
799	-5688.000000	-12.000000	0.100000
800	-6216.000000	-198.000000	0.100000
801	-6088.000000	-72.000000	0.100000
802	-6232.000000	56.000000	0.100000
803	-5900.000000	-36.000000	0.100000
804	-5720.000000	138.000000	0.100000
805	-5776.000000	24.000000	0.100000
806	-6100.000000	-56.000000	0.100000
807	-6248.000000	58.000000	0.100000
808	-5932.000000	-104.000000	0.100000
809	-5952.000000	104.000000	0.100000
810	-5728.000000	-146.000000	0.100000
811	-6332.000000	0.000000	0.100000
812	-5968.000000	-180.000000	0.100000
813	-5788.000000	-162.000000	0.100000
814	-5812.000000	-76.000000	0.100000
815	-5532.000000	-172.000000	0.100000
816	-5960.000000	-220.000000	0.100000
817	-5824.000000	-98.000000	0.100000
818	-6264.000000	-74.000000	0.100000
819	-6276.000000	-52.000000	0.100000
820	-6660.000000	-296.000000	0.100000
821	-6572.000000	-112.000000	0.100000
822	-5896.000000	74.000000	0.100000
823	-6128.000000	84.000000	0.100000
824	-5760.000000	272.000000	0.100000
825	-6212.000000	190.000000	0.100000
826	-5972.000000	84.000000	0.100000
827	-5880.000000	-90.000000	0.100000
828	-6236.000000	-58.000000	0.100000
829	-5648.000000	-70.000000	0.100000
830	-6316.000000	-528.000000	0.100000
831	-6060.000000	-304.000000	0.100000
832	-5588.000000	-114.000000	0.100000
833	-5756.000000	8.000000	0.100000
834	-6276.000000	-116.000000	0.100000
835	-6056.000000	-162.000000	0.100000
836	-5660.000000	224.000000	0.100000
837	-6444.000000	412.000000	0.100000
838	-5764.000000	268.000000	0.100000
839	-5604.000000	216.000000	0.100000
840	-5684.000000	172.000000	0.100000
841	-5876.000000	-84.000000	0.100000
842	-6080.000000	-80.000000	0.100000
843	-5880.000000	-234.000000	0.100000
844	-6100.000000	-344.000000	0.100000
845	-6088.000000	-284.000000	0.100000
846	-5812.000000	-420.000000	0.100000
847	-6380.000000	-256.000000	0.100000
848	-5796.000000	-200.000000	0.100000
849	-5708.000000	-164.000000	0.100000
850	-5844.000000	-322.000000	0.100000
851	-5708.000000	-374.000000	0.100000
852	-5660.000000	-260.000000	0.100000
853	-6080.000000	-238.000000	0.100000
854	-5940.000000	-304.000000	0.100000
855	-5512.000000	-84.000000	0.100000
856	-5816.000000	2.000000	0.100000
857	-5876.000000	-42.000000	0.100000
858	-5504.000000	-202.000000	0.100000
859	-6176.000000	-128.000000	0.100000
860	-6004.000000	-60.000000	0.100000
861	-5620.000000	138.000000	0.100000
862	-6184.000000	170.000000	0.100000
863	-6260.000000	102.000000	0.100000
864	-5844.000000	2.000000	0.100000
865	-5888.000000	88.000000	0.100000
866	-6140.000000	110.000000	0.100000
867	-5656.000000	74.000000	0.100000
868	-5848.000000	-42.000000	0.100000
869	-5312.000000	-190.000000	0.100000
870	-5828.000000	-160.000000	0.100000
871	-6116.000000	8.000000	0.100000
872	-6116.000000	244.000000	0.100000
873	-6248.000000	112.000000	0.100000
874	-5720.000000	226.000000	0.100000
875	-6552.000000	562.000000	0.100000
876	-5492.000000	292.000000	0.100000
877	-6372.000000	446.000000	0.100000
878	-6312.000000	406.000000	0.100000
879	-5692.000000	396.000000	0.100000
880	-5688.000000	102.000000	0.100000
881	-6188.000000	-52.000000	0.100000
882	-5384.000000	134.000000	0.100000
883	-5076.000000	28.000000	0.100000
884	-5684.000000	-208.000000	0.100000
885	-5904.000000	-148.000000	0.100000
886	-6272.000000	-136.000000	0.100000
887	-6176.000000	-170.000000	0.100000
888	-6300.000000	-90.000000	0.100000
889	-5964.000000	56.000000	0.100000
890	-5860.000000	-56.000000	0.100000
891	-5784.000000	-168.000000	0.100000
892	-5948.000000	-94.000000	0.100000
893	-6220.000000	24.000000	0.100000
894	-6452.000000	42.000000	0.100000
895	-6052.000000	-34.000000	0.100000
896	-5876.000000	-6.000000	0.100000
897	-6148.000000	-242.000000	0.100000
898	-6096.000000	-220.000000	0.100000
899	-5880.000000	-208.000000	0.100000
900	-6424.000000	82.000000	0.100000
901	-5676.000000	-84.000000	0.100000
902	-5816.000000	134.000000	0.100000
903	-5616.000000	124.000000	0.100000
904	-5800.000000	260.000000	0.100000
905	-6308.000000	96.000000	0.100000
906	-5872.000000	200.000000	0.100000
907	-5392.000000	-34.000000	0.100000
908	-5984.000000	-76.000000	0.100000
909	-6160.000000	-108.000000	0.100000
910	-6088.000000	-302.000000	0.100000
911	-5684.000000	-142.000000	0.100000
912	-6060.000000	10.000000	0.100000
913	-6184.000000	90.000000	0.100000
914	-5980.000000	-82.000000	0.100000
915	-5912.000000	32.000000	0.100000
916	-5904.000000	-36.000000	0.100000
917	-6036.000000	-202.000000	0.100000
918	-6192.000000	-116.000000	0.100000
919	-6168.000000	2.000000	0.100000
920	-5764.000000	232.000000	0.100000
921	-6120.000000	-126.000000	0.100000
922	-5912.000000	128.000000	0.100000
923	-5812.000000	-182.000000	0.100000
924	-6480.000000	42.000000	0.100000
925	-6060.000000	68.000000	0.100000
926	-5744.000000	38.000000	0.100000
927	-6392.000000	-148.000000	0.100000
928	-5980.000000	-184.000000	0.100000
929	-5428.000000	-308.000000	0.100000
930	-5972.000000	-234.000000	0.100000
931	-5648.000000	-98.000000	0.100000
932	-6424.000000	-64.000000	0.100000
933	-6472.000000	-154.000000	0.100000
934	-6028.000000	24.000000	0.100000
935	-5676.000000	156.000000	0.100000
936	-6336.000000	152.000000	0.100000
937	-5476.000000	100.000000	0.100000
938	-5204.000000	56.000000	0.100000
939	-5664.000000	68.000000	0.100000
940	-6092.000000	104.000000	0.100000
941	-5440.000000	-82.000000	0.100000
942	-5656.000000	-190.000000	0.100000
943	-6204.000000	102.000000	0.100000
944	-6264.000000	10.000000	0.100000
945	-5612.000000	-8.000000	0.100000
946	-5648.000000	262.000000	0.100000
947	-5676.000000	-146.000000	0.100000
948	-5648.000000	-22.000000	0.100000
949	-5680.000000	172.000000	0.100000
950	-5588.000000	30.000000	0.100000
951	-6016.000000	-270.000000	0.100000
952	-5708.000000	8.000000	0.100000
953	-5848.000000	-104.000000	0.100000
954	-6092.000000	-266.000000	0.100000
955	-5516.000000	-126.000000	0.100000
956	-5968.000000	14.000000	0.100000
957	-6364.000000	370.000000	0.100000
958	-6332.000000	312.000000	0.100000
959	-5804.000000	188.000000	0.100000
960	-5732.000000	94.000000	0.100000
961	-6480.000000	-228.000000	0.100000
962	-6212.000000	180.000000	0.100000
963	-6116.000000	280.000000	0.100000
964	-5608.000000	84.000000	0.100000
965	-6440.000000	426.000000	0.100000
966	-6124.000000	214.000000	0.100000
967	-6104.000000	282.000000	0.100000
968	-6160.000000	160.000000	0.100000
969	-5616.000000	384.000000	0.100000
970	-5632.000000	270.000000	0.100000
971	-6148.000000	-44.000000	0.100000
972	-5392.000000	54.000000	0.100000
973	-6156.000000	182.000000	0.100000
974	-6272.000000	22.000000	0.100000
975	-5876.000000	-36.000000	0.100000
976	-5556.000000	-196.000000	0.100000
977	-5652.000000	-78.000000	0.100000
978	-5208.000000	-160.000000	0.100000
979	-5264.000000	-36.000000	0.100000
980	-5612.000000	0.000000	0.100000
981	-6248.000000	-32.000000	0.100000
982	-6008.000000	12.000000	0.100000
983	-6112.000000	-54.000000	0.100000
984	-6044.000000	86.000000	0.100000
985	-6188.000000	26.000000	0.100000
986	-6184.000000	-108.000000	0.100000
987	-5960.000000	-58.000000	0.100000
988	-5900.000000	-244.000000	0.100000
989	-6020.000000	106.000000	0.100000
990	-6040.000000	-8.000000	0.100000
991	-5500.000000	18.000000	0.100000
992	-5552.000000	-180.000000	0.100000
993	-5496.000000	-216.000000	0.100000
994	-5708.000000	-52.000000	0.100000
995	-5996.000000	-8.000000	0.100000
996	-6316.000000	200.000000	0.100000
997	-6324.000000	260.000000	0.100000
998	-6004.000000	34.000000	0.100000
999	-5804.000000	124.000000	0.100000
