# step,  Energy, magenetization 
0	-40000.000000	10000.000000	0.400000
1	-39740.000000	9966.000000	0.400000
2	-39764.000000	9970.000000	0.400000
3	-39792.000000	9974.000000	0.400000
4	-39668.000000	9958.000000	0.400000
5	-39688.000000	9960.000000	0.400000
6	-39760.000000	9970.000000	0.400000
7	-39760.000000	9970.000000	0.400000
8	-39760.000000	9970.000000	0.400000
9	-39680.000000	9960.000000	0.400000
10	-39748.000000	9968.000000	0.400000
11	-39668.000000	9958.000000	0.400000
12	-39780.000000	9972.000000	0.400000
13	-39716.000000	9964.000000	0.400000
14	-39672.000000	9958.000000	0.400000
15	-39696.000000	9962.000000	0.400000
16	-39828.000000	9978.000000	0.400000
17	-39776.000000	9972.000000	0.400000
18	-39712.000000	9964.000000	0.400000
19	-39796.000000	9974.000000	0.400000
20	-39792.000000	9974.000000	0.400000
21	-39760.000000	9970.000000	0.400000
22	-39812.000000	9976.000000	0.400000
23	-39788.000000	9972.000000	0.400000
24	-39844.000000	9980.000000	0.400000
25	-39760.000000	9970.000000	0.400000
26	-39680.000000	9960.000000	0.400000
27	-39684.000000	9960.000000	0.400000
28	-39716.000000	9962.000000	0.400000
29	-39796.000000	9974.000000	0.400000
30	-39668.000000	9958.000000	0.400000
31	-39632.000000	9954.000000	0.400000
32	-39652.000000	9956.000000	0.400000
33	-39648.000000	9956.000000	0.400000
34	-39604.000000	9950.000000	0.400000
35	-39792.000000	9974.000000	0.400000
36	-39776.000000	9972.000000	0.400000
37	-39668.000000	9958.000000	0.400000
38	-39704.000000	9962.000000	0.400000
39	-39716.000000	9964.000000	0.400000
40	-39824.000000	9978.000000	0.400000
41	-39888.000000	9986.000000	0.400000
42	-39840.000000	9980.000000	0.400000
43	-39748.000000	9968.000000	0.400000
44	-39712.000000	9964.000000	0.400000
45	-39696.000000	9962.000000	0.400000
46	-39728.000000	9966.000000	0.400000
47	-39728.000000	9966.000000	0.400000
48	-39664.000000	9958.000000	0.400000
49	-39760.000000	9970.000000	0.400000
50	-39728.000000	9964.000000	0.400000
51	-39724.000000	9964.000000	0.400000
52	-39764.000000	9970.000000	0.400000
53	-39760.000000	9970.000000	0.400000
54	-39680.000000	9960.000000	0.400000
55	-39604.000000	9950.000000	0.400000
56	-39616.000000	9952.000000	0.400000
57	-39712.000000	9964.000000	0.400000
58	-39760.000000	9970.000000	0.400000
59	-39728.000000	9966.000000	0.400000
60	-39652.000000	9956.000000	0.400000
61	-39748.000000	9968.000000	0.400000
62	-39776.000000	9972.000000	0.400000
63	-39776.000000	9972.000000	0.400000
64	-39760.000000	9970.000000	0.400000
65	-39764.000000	9970.000000	0.400000
66	-39716.000000	9964.000000	0.400000
67	-39664.000000	9958.000000	0.400000
68	-39808.000000	9976.000000	0.400000
69	-39732.000000	9966.000000	0.400000
70	-39744.000000	9968.000000	0.400000
71	-39776.000000	9972.000000	0.400000
72	-39760.000000	9970.000000	0.400000
73	-39776.000000	9972.000000	0.400000
74	-39792.000000	9974.000000	0.400000
75	-39776.000000	9972.000000	0.400000
76	-39716.000000	9964.000000	0.400000
77	-39760.000000	9970.000000	0.400000
78	-39776.000000	9972.000000	0.400000
79	-39784.000000	9972.000000	0.400000
80	-39652.000000	9956.000000	0.400000
81	-39744.000000	9968.000000	0.400000
82	-39748.000000	9968.000000	0.400000
83	-39712.000000	9964.000000	0.400000
84	-39760.000000	9970.000000	0.400000
85	-39668.000000	9958.000000	0.400000
86	-39700.000000	9962.000000	0.400000
87	-39736.000000	9966.000000	0.400000
88	-39872.000000	9984.000000	0.400000
89	-39672.000000	9958.000000	0.400000
90	-39684.000000	9960.000000	0.400000
91	-39688.000000	9960.000000	0.400000
92	-39744.000000	9968.000000	0.400000
93	-39760.000000	9970.000000	0.400000
94	-39728.000000	9966.000000	0.400000
95	-39696.000000	9962.000000	0.400000
96	-39760.000000	9970.000000	0.400000
97	-39812.000000	9976.000000	0.400000
98	-39792.000000	9974.000000	0.400000
99	-39736.000000	9966.000000	0.400000
100	-39716.000000	9962.000000	0.400000
101	-39828.000000	9978.000000	0.400000
102	-39688.000000	9960.000000	0.400000
103	-39748.000000	9968.000000	0.400000
104	-39812.000000	9976.000000	0.400000
105	-39780.000000	9972.000000	0.400000
106	-39776.000000	9972.000000	0.400000
107	-39760.000000	9970.000000	0.400000
108	-39732.000000	9966.000000	0.400000
109	-39632.000000	9954.000000	0.400000
110	-39584.000000	9948.000000	0.400000
111	-39668.000000	9958.000000	0.400000
112	-39596.000000	9948.000000	0.400000
113	-39616.000000	9952.000000	0.400000
114	-39728.000000	9966.000000	0.400000
115	-39776.000000	9972.000000	0.400000
116	-39668.000000	9958.000000	0.400000
117	-39712.000000	9964.000000	0.400000
118	-39648.000000	9956.000000	0.400000
119	-39716.000000	9964.000000	0.400000
120	-39752.000000	9968.000000	0.400000
121	-39748.000000	9968.000000	0.400000
122	-39752.000000	9968.000000	0.400000
123	-39792.000000	9974.000000	0.400000
124	-39776.000000	9972.000000	0.400000
125	-39808.000000	9976.000000	0.400000
126	-39776.000000	9972.000000	0.400000
127	-39668.000000	9958.000000	0.400000
128	-39704.000000	9962.000000	0.400000
129	-39724.000000	9964.000000	0.400000
130	-39736.000000	9966.000000	0.400000
131	-39668.000000	9958.000000	0.400000
132	-39668.000000	9958.000000	0.400000
133	-39764.000000	9970.000000	0.400000
134	-39748.000000	9968.000000	0.400000
135	-39552.000000	9944.000000	0.400000
136	-39564.000000	9944.000000	0.400000
137	-39676.000000	9958.000000	0.400000
138	-39792.000000	9974.000000	0.400000
139	-39764.000000	9970.000000	0.400000
140	-39804.000000	9974.000000	0.400000
141	-39620.000000	9952.000000	0.400000
142	-39688.000000	9960.000000	0.400000
143	-39696.000000	9960.000000	0.400000
144	-39716.000000	9964.000000	0.400000
145	-39744.000000	9968.000000	0.400000
146	-39748.000000	9968.000000	0.400000
147	-39728.000000	9966.000000	0.400000
148	-39712.000000	9964.000000	0.400000
149	-39776.000000	9972.000000	0.400000
150	-39824.000000	9978.000000	0.400000
151	-39780.000000	9972.000000	0.400000
152	-39824.000000	9978.000000	0.400000
153	-39816.000000	9976.000000	0.400000
154	-39744.000000	9968.000000	0.400000
155	-39728.000000	9966.000000	0.400000
156	-39728.000000	9966.000000	0.400000
157	-39668.000000	9958.000000	0.400000
158	-39680.000000	9960.000000	0.400000
159	-39620.000000	9952.000000	0.400000
160	-39700.000000	9962.000000	0.400000
161	-39776.000000	9972.000000	0.400000
162	-39748.000000	9968.000000	0.400000
163	-39776.000000	9972.000000	0.400000
164	-39808.000000	9976.000000	0.400000
165	-39684.000000	9960.000000	0.400000
166	-39648.000000	9956.000000	0.400000
167	-39664.000000	9958.000000	0.400000
168	-39588.000000	9948.000000	0.400000
169	-39632.000000	9954.000000	0.400000
170	-39808.000000	9976.000000	0.400000
171	-39760.000000	9970.000000	0.400000
172	-39728.000000	9966.000000	0.400000
173	-39744.000000	9968.000000	0.400000
174	-39680.000000	9960.000000	0.400000
175	-39680.000000	9960.000000	0.400000
176	-39668.000000	9958.000000	0.400000
177	-39680.000000	9960.000000	0.400000
178	-39616.000000	9952.000000	0.400000
179	-39776.000000	9972.000000	0.400000
180	-39712.000000	9964.000000	0.400000
181	-39764.000000	9970.000000	0.400000
182	-39792.000000	9974.000000	0.400000
183	-39776.000000	9972.000000	0.400000
184	-39716.000000	9964.000000	0.400000
185	-39696.000000	9962.000000	0.400000
186	-39764.000000	9970.000000	0.400000
187	-39636.000000	9954.000000	0.400000
188	-39720.000000	9964.000000	0.400000
189	-39764.000000	9970.000000	0.400000
190	-39764.000000	9970.000000	0.400000
191	-39696.000000	9962.000000	0.400000
192	-39752.000000	9968.000000	0.400000
193	-39712.000000	9964.000000	0.400000
194	-39684.000000	9960.000000	0.400000
195	-39808.000000	9976.000000	0.400000
196	-39792.000000	9974.000000	0.400000
197	-39748.000000	9968.000000	0.400000
198	-39748.000000	9968.000000	0.400000
199	-39664.000000	9958.000000	0.400000
200	-39808.000000	9976.000000	0.400000
201	-39700.000000	9962.000000	0.400000
202	-39712.000000	9964.000000	0.400000
203	-39764.000000	9970.000000	0.400000
204	-39792.000000	9974.000000	0.400000
205	-39744.000000	9968.000000	0.400000
206	-39728.000000	9966.000000	0.400000
207	-39632.000000	9954.000000	0.400000
208	-39576.000000	9946.000000	0.400000
209	-39664.000000	9958.000000	0.400000
210	-39632.000000	9954.000000	0.400000
211	-39792.000000	9974.000000	0.400000
212	-39776.000000	9972.000000	0.400000
213	-39728.000000	9966.000000	0.400000
214	-39760.000000	9970.000000	0.400000
215	-39736.000000	9966.000000	0.400000
216	-39692.000000	9960.000000	0.400000
217	-39668.000000	9958.000000	0.400000
218	-39572.000000	9946.000000	0.400000
219	-39636.000000	9954.000000	0.400000
220	-39712.000000	9964.000000	0.400000
221	-39728.000000	9966.000000	0.400000
222	-39748.000000	9968.000000	0.400000
223	-39824.000000	9978.000000	0.400000
224	-39680.000000	9958.000000	0.400000
225	-39792.000000	9974.000000	0.400000
226	-39728.000000	9966.000000	0.400000
227	-39664.000000	9958.000000	0.400000
228	-39632.000000	9954.000000	0.400000
229	-39616.000000	9952.000000	0.400000
230	-39656.000000	9956.000000	0.400000
231	-39720.000000	9964.000000	0.400000
232	-39700.000000	9962.000000	0.400000
233	-39744.000000	9968.000000	0.400000
234	-39700.000000	9962.000000	0.400000
235	-39672.000000	9958.000000	0.400000
236	-39636.000000	9954.000000	0.400000
237	-39680.000000	9960.000000	0.400000
238	-39744.000000	9968.000000	0.400000
239	-39712.000000	9964.000000	0.400000
240	-39732.000000	9966.000000	0.400000
241	-39672.000000	9958.000000	0.400000
242	-39616.000000	9952.000000	0.400000
243	-39776.000000	9972.000000	0.400000
244	-39832.000000	9978.000000	0.400000
245	-39872.000000	9984.000000	0.400000
246	-39792.000000	9974.000000	0.400000
247	-39728.000000	9966.000000	0.400000
248	-39712.000000	9964.000000	0.400000
249	-39748.000000	9968.000000	0.400000
250	-39856.000000	9982.000000	0.400000
251	-39712.000000	9964.000000	0.400000
252	-39712.000000	9964.000000	0.400000
253	-39600.000000	9950.000000	0.400000
254	-39620.000000	9952.000000	0.400000
255	-39620.000000	9952.000000	0.400000
256	-39636.000000	9954.000000	0.400000
257	-39700.000000	9962.000000	0.400000
258	-39684.000000	9960.000000	0.400000
259	-39728.000000	9966.000000	0.400000
260	-39716.000000	9964.000000	0.400000
261	-39684.000000	9960.000000	0.400000
262	-39680.000000	9960.000000	0.400000
263	-39556.000000	9940.000000	0.400000
264	-39656.000000	9956.000000	0.400000
265	-39652.000000	9956.000000	0.400000
266	-39760.000000	9970.000000	0.400000
267	-39664.000000	9958.000000	0.400000
268	-39696.000000	9962.000000	0.400000
269	-39840.000000	9980.000000	0.400000
270	-39792.000000	9974.000000	0.400000
271	-39728.000000	9966.000000	0.400000
272	-39744.000000	9968.000000	0.400000
273	-39712.000000	9964.000000	0.400000
274	-39584.000000	9948.000000	0.400000
275	-39632.000000	9954.000000	0.400000
276	-39560.000000	9944.000000	0.400000
277	-39456.000000	9930.000000	0.400000
278	-39760.000000	9970.000000	0.400000
279	-39824.000000	9978.000000	0.400000
280	-39796.000000	9974.000000	0.400000
281	-39744.000000	9968.000000	0.400000
282	-39744.000000	9968.000000	0.400000
283	-39648.000000	9956.000000	0.400000
284	-39760.000000	9970.000000	0.400000
285	-39700.000000	9962.000000	0.400000
286	-39664.000000	9958.000000	0.400000
287	-39620.000000	9952.000000	0.400000
288	-39560.000000	9944.000000	0.400000
289	-39684.000000	9960.000000	0.400000
290	-39676.000000	9958.000000	0.400000
291	-39712.000000	9964.000000	0.400000
292	-39680.000000	9960.000000	0.400000
293	-39760.000000	9970.000000	0.400000
294	-39632.000000	9954.000000	0.400000
295	-39456.000000	9932.000000	0.400000
296	-39632.000000	9954.000000	0.400000
297	-39728.000000	9966.000000	0.400000
298	-39776.000000	9972.000000	0.400000
299	-39736.000000	9966.000000	0.400000
300	-39728.000000	9966.000000	0.400000
301	-39680.000000	9960.000000	0.400000
302	-39712.000000	9964.000000	0.400000
303	-39796.000000	9974.000000	0.400000
304	-39760.000000	9970.000000	0.400000
305	-39716.000000	9964.000000	0.400000
306	-39700.000000	9962.000000	0.400000
307	-39696.000000	9962.000000	0.400000
308	-39616.000000	9952.000000	0.400000
309	-39728.000000	9966.000000	0.400000
310	-39668.000000	9958.000000	0.400000
311	-39712.000000	9964.000000	0.400000
312	-39744.000000	9968.000000	0.400000
313	-39760.000000	9970.000000	0.400000
314	-39672.000000	9958.000000	0.400000
315	-39684.000000	9960.000000	0.400000
316	-39700.000000	9962.000000	0.400000
317	-39760.000000	9970.000000	0.400000
318	-39824.000000	9978.000000	0.400000
319	-39744.000000	9968.000000	0.400000
320	-39732.000000	9966.000000	0.400000
321	-39696.000000	9962.000000	0.400000
322	-39744.000000	9968.000000	0.400000
323	-39856.000000	9982.000000	0.400000
324	-39728.000000	9966.000000	0.400000
325	-39636.000000	9954.000000	0.400000
326	-39680.000000	9960.000000	0.400000
327	-39536.000000	9942.000000	0.400000
328	-39528.000000	9940.000000	0.400000
329	-39704.000000	9962.000000	0.400000
330	-39812.000000	9976.000000	0.400000
331	-39824.000000	9978.000000	0.400000
332	-39792.000000	9974.000000	0.400000
333	-39680.000000	9960.000000	0.400000
334	-39716.000000	9964.000000	0.400000
335	-39792.000000	9974.000000	0.400000
336	-39684.000000	9960.000000	0.400000
337	-39632.000000	9954.000000	0.400000
338	-39776.000000	9972.000000	0.400000
339	-39680.000000	9960.000000	0.400000
340	-39608.000000	9950.000000	0.400000
341	-39736.000000	9966.000000	0.400000
342	-39508.000000	9938.000000	0.400000
343	-39548.000000	9942.000000	0.400000
344	-39588.000000	9948.000000	0.400000
345	-39632.000000	9954.000000	0.400000
346	-39668.000000	9958.000000	0.400000
347	-39712.000000	9964.000000	0.400000
348	-39808.000000	9976.000000	0.400000
349	-39824.000000	9978.000000	0.400000
350	-39712.000000	9964.000000	0.400000
351	-39712.000000	9964.000000	0.400000
352	-39760.000000	9970.000000	0.400000
353	-39760.000000	9970.000000	0.400000
354	-39764.000000	9970.000000	0.400000
355	-39624.000000	9952.000000	0.400000
356	-39760.000000	9970.000000	0.400000
357	-39684.000000	9960.000000	0.400000
358	-39556.000000	9944.000000	0.400000
359	-39688.000000	9960.000000	0.400000
360	-39872.000000	9984.000000	0.400000
361	-39856.000000	9982.000000	0.400000
362	-39812.000000	9976.000000	0.400000
363	-39808.000000	9976.000000	0.400000
364	-39796.000000	9974.000000	0.400000
365	-39760.000000	9970.000000	0.400000
366	-39680.000000	9960.000000	0.400000
367	-39760.000000	9970.000000	0.400000
368	-39872.000000	9984.000000	0.400000
369	-39828.000000	9978.000000	0.400000
370	-39696.000000	9962.000000	0.400000
371	-39696.000000	9962.000000	0.400000
372	-39700.000000	9962.000000	0.400000
373	-39636.000000	9954.000000	0.400000
374	-39604.000000	9950.000000	0.400000
375	-39712.000000	9964.000000	0.400000
376	-39760.000000	9970.000000	0.400000
377	-39744.000000	9968.000000	0.400000
378	-39728.000000	9966.000000	0.400000
379	-39792.000000	9974.000000	0.400000
380	-39840.000000	9980.000000	0.400000
381	-39864.000000	9982.000000	0.400000
382	-39792.000000	9974.000000	0.400000
383	-39760.000000	9970.000000	0.400000
384	-39728.000000	9966.000000	0.400000
385	-39808.000000	9976.000000	0.400000
386	-39824.000000	9978.000000	0.400000
387	-39716.000000	9964.000000	0.400000
388	-39704.000000	9962.000000	0.400000
389	-39828.000000	9978.000000	0.400000
390	-39776.000000	9972.000000	0.400000
391	-39768.000000	9970.000000	0.400000
392	-39684.000000	9960.000000	0.400000
393	-39668.000000	9958.000000	0.400000
394	-39672.000000	9958.000000	0.400000
395	-39712.000000	9964.000000	0.400000
396	-39648.000000	9956.000000	0.400000
397	-39632.000000	9954.000000	0.400000
398	-39568.000000	9946.000000	0.400000
399	-39664.000000	9958.000000	0.400000
400	-39776.000000	9972.000000	0.400000
401	-39776.000000	9972.000000	0.400000
402	-39764.000000	9970.000000	0.400000
403	-39792.000000	9974.000000	0.400000
404	-39768.000000	9970.000000	0.400000
405	-39824.000000	9978.000000	0.400000
406	-39840.000000	9980.000000	0.400000
407	-39792.000000	9974.000000	0.400000
408	-39668.000000	9958.000000	0.400000
409	-39740.000000	9966.000000	0.400000
410	-39760.000000	9970.000000	0.400000
411	-39824.000000	9978.000000	0.400000
412	-39680.000000	9960.000000	0.400000
413	-39744.000000	9968.000000	0.400000
414	-39780.000000	9972.000000	0.400000
415	-39700.000000	9962.000000	0.400000
416	-39772.000000	9968.000000	0.400000
417	-39688.000000	9960.000000	0.400000
418	-39760.000000	9970.000000	0.400000
419	-39748.000000	9968.000000	0.400000
420	-39760.000000	9970.000000	0.400000
421	-39764.000000	9970.000000	0.400000
422	-39668.000000	9958.000000	0.400000
423	-39584.000000	9948.000000	0.400000
424	-39668.000000	9958.000000	0.400000
425	-39728.000000	9966.000000	0.400000
426	-39840.000000	9980.000000	0.400000
427	-39792.000000	9974.000000	0.400000
428	-39824.000000	9978.000000	0.400000
429	-39792.000000	9974.000000	0.400000
430	-39744.000000	9968.000000	0.400000
431	-39588.000000	9948.000000	0.400000
432	-39664.000000	9958.000000	0.400000
433	-39680.000000	9960.000000	0.400000
434	-39724.000000	9964.000000	0.400000
435	-39712.000000	9964.000000	0.400000
436	-39700.000000	9962.000000	0.400000
437	-39712.000000	9964.000000	0.400000
438	-39716.000000	9964.000000	0.400000
439	-39808.000000	9976.000000	0.400000
440	-39744.000000	9968.000000	0.400000
441	-39716.000000	9964.000000	0.400000
442	-39660.000000	9956.000000	0.400000
443	-39748.000000	9968.000000	0.400000
444	-39812.000000	9976.000000	0.400000
445	-39700.000000	9962.000000	0.400000
446	-39768.000000	9970.000000	0.400000
447	-39780.000000	9972.000000	0.400000
448	-39700.000000	9962.000000	0.400000
449	-39572.000000	9946.000000	0.400000
450	-39636.000000	9954.000000	0.400000
451	-39736.000000	9966.000000	0.400000
452	-39680.000000	9960.000000	0.400000
453	-39776.000000	9972.000000	0.400000
454	-39704.000000	9962.000000	0.400000
455	-39812.000000	9976.000000	0.400000
456	-39808.000000	9976.000000	0.400000
457	-39632.000000	9954.000000	0.400000
458	-39728.000000	9966.000000	0.400000
459	-39648.000000	9956.000000	0.400000
460	-39728.000000	9966.000000	0.400000
461	-39616.000000	9952.000000	0.400000
462	-39636.000000	9954.000000	0.400000
463	-39732.000000	9966.000000	0.400000
464	-39696.000000	9962.000000	0.400000
465	-39712.000000	9962.000000	0.400000
466	-39664.000000	9958.000000	0.400000
467	-39728.000000	9966.000000	0.400000
468	-39780.000000	9972.000000	0.400000
469	-39704.000000	9962.000000	0.400000
470	-39748.000000	9968.000000	0.400000
471	-39716.000000	9964.000000	0.400000
472	-39616.000000	9950.000000	0.400000
473	-39604.000000	9950.000000	0.400000
474	-39684.000000	9960.000000	0.400000
475	-39720.000000	9964.000000	0.400000
476	-39696.000000	9962.000000	0.400000
477	-39696.000000	9962.000000	0.400000
478	-39760.000000	9970.000000	0.400000
479	-39748.000000	9968.000000	0.400000
480	-39812.000000	9976.000000	0.400000
481	-39760.000000	9970.000000	0.400000
482	-39636.000000	9954.000000	0.400000
483	-39760.000000	9970.000000	0.400000
484	-39672.000000	9958.000000	0.400000
485	-39684.000000	9960.000000	0.400000
486	-39744.000000	9968.000000	0.400000
487	-39764.000000	9970.000000	0.400000
488	-39672.000000	9958.000000	0.400000
489	-39636.000000	9954.000000	0.400000
490	-39592.000000	9946.000000	0.400000
491	-39808.000000	9976.000000	0.400000
492	-39824.000000	9978.000000	0.400000
493	-39792.000000	9974.000000	0.400000
494	-39780.000000	9972.000000	0.400000
495	-39784.000000	9972.000000	0.400000
496	-39792.000000	9974.000000	0.400000
497	-39744.000000	9968.000000	0.400000
498	-39776.000000	9972.000000	0.400000
499	-39808.000000	9976.000000	0.400000
500	-39796.000000	9974.000000	0.400000
501	-39748.000000	9968.000000	0.400000
502	-39760.000000	9970.000000	0.400000
503	-39776.000000	9972.000000	0.400000
504	-39824.000000	9978.000000	0.400000
505	-39776.000000	9972.000000	0.400000
506	-39668.000000	9958.000000	0.400000
507	-39632.000000	9954.000000	0.400000
508	-39616.000000	9952.000000	0.400000
509	-39568.000000	9946.000000	0.400000
510	-39672.000000	9958.000000	0.400000
511	-39604.000000	9950.000000	0.400000
512	-39664.000000	9958.000000	0.400000
513	-39632.000000	9954.000000	0.400000
514	-39572.000000	9946.000000	0.400000
515	-39732.000000	9966.000000	0.400000
516	-39664.000000	9958.000000	0.400000
517	-39712.000000	9964.000000	0.400000
518	-39608.000000	9950.000000	0.400000
519	-39704.000000	9962.000000	0.400000
520	-39792.000000	9974.000000	0.400000
521	-39728.000000	9966.000000	0.400000
522	-39664.000000	9958.000000	0.400000
523	-39764.000000	9970.000000	0.400000
524	-39680.000000	9960.000000	0.400000
525	-39888.000000	9986.000000	0.400000
526	-39792.000000	9974.000000	0.400000
527	-39664.000000	9958.000000	0.400000
528	-39808.000000	9976.000000	0.400000
529	-39776.000000	9972.000000	0.400000
530	-39668.000000	9958.000000	0.400000
531	-39696.000000	9962.000000	0.400000
532	-39708.000000	9962.000000	0.400000
533	-39640.000000	9954.000000	0.400000
534	-39564.000000	9944.000000	0.400000
535	-39632.000000	9954.000000	0.400000
536	-39668.000000	9958.000000	0.400000
537	-39680.000000	9960.000000	0.400000
538	-39692.000000	9960.000000	0.400000
539	-39716.000000	9964.000000	0.400000
540	-39632.000000	9952.000000	0.400000
541	-39636.000000	9954.000000	0.400000
542	-39776.000000	9972.000000	0.400000
543	-39744.000000	9968.000000	0.400000
544	-39748.000000	9968.000000	0.400000
545	-39744.000000	9968.000000	0.400000
546	-39824.000000	9978.000000	0.400000
547	-39728.000000	9966.000000	0.400000
548	-39728.000000	9966.000000	0.400000
549	-39636.000000	9954.000000	0.400000
550	-39760.000000	9970.000000	0.400000
551	-39652.000000	9956.000000	0.400000
552	-39484.000000	9934.000000	0.400000
553	-39664.000000	9958.000000	0.400000
554	-39624.000000	9952.000000	0.400000
555	-39728.000000	9966.000000	0.400000
556	-39712.000000	9964.000000	0.400000
557	-39716.000000	9964.000000	0.400000
558	-39816.000000	9976.000000	0.400000
559	-39656.000000	9956.000000	0.400000
560	-39684.000000	9960.000000	0.400000
561	-39728.000000	9966.000000	0.400000
562	-39696.000000	9962.000000	0.400000
563	-39744.000000	9968.000000	0.400000
564	-39712.000000	9964.000000	0.400000
565	-39668.000000	9958.000000	0.400000
566	-39648.000000	9956.000000	0.400000
567	-39700.000000	9962.000000	0.400000
568	-39680.000000	9960.000000	0.400000
569	-39712.000000	9964.000000	0.400000
570	-39760.000000	9970.000000	0.400000
571	-39792.000000	9974.000000	0.400000
572	-39856.000000	9982.000000	0.400000
573	-39840.000000	9980.000000	0.400000
574	-39732.000000	9966.000000	0.400000
575	-39776.000000	9972.000000	0.400000
576	-39684.000000	9960.000000	0.400000
577	-39700.000000	9962.000000	0.400000
578	-39700.000000	9962.000000	0.400000
579	-39664.000000	9958.000000	0.400000
580	-39828.000000	9978.000000	0.400000
581	-39716.000000	9964.000000	0.400000
582	-39664.000000	9958.000000	0.400000
583	-39668.000000	9958.000000	0.400000
584	-39636.000000	9954.000000	0.400000
585	-39696.000000	9962.000000	0.400000
586	-39652.000000	9956.000000	0.400000
587	-39664.000000	9958.000000	0.400000
588	-39744.000000	9968.000000	0.400000
589	-39828.000000	9978.000000	0.400000
590	-39780.000000	9972.000000	0.400000
591	-39748.000000	9968.000000	0.400000
592	-39744.000000	9968.000000	0.400000
593	-39568.000000	9946.000000	0.400000
594	-39648.000000	9956.000000	0.400000
595	-39600.000000	9950.000000	0.400000
596	-39744.000000	9968.000000	0.400000
597	-39760.000000	9970.000000	0.400000
598	-39792.000000	9974.000000	0.400000
599	-39856.000000	9982.000000	0.400000
600	-39872.000000	9984.000000	0.400000
601	-39732.000000	9966.000000	0.400000
602	-39776.000000	9972.000000	0.400000
603	-39648.000000	9956.000000	0.400000
604	-39648.000000	9956.000000	0.400000
605	-39668.000000	9958.000000	0.400000
606	-39688.000000	9960.000000	0.400000
607	-39648.000000	9956.000000	0.400000
608	-39528.000000	9940.000000	0.400000
609	-39512.000000	9938.000000	0.400000
610	-39588.000000	9948.000000	0.400000
611	-39592.000000	9948.000000	0.400000
612	-39620.000000	9952.000000	0.400000
613	-39696.000000	9962.000000	0.400000
614	-39664.000000	9958.000000	0.400000
615	-39856.000000	9982.000000	0.400000
616	-39748.000000	9968.000000	0.400000
617	-39776.000000	9972.000000	0.400000
618	-39712.000000	9964.000000	0.400000
619	-39872.000000	9984.000000	0.400000
620	-39720.000000	9964.000000	0.400000
621	-39684.000000	9958.000000	0.400000
622	-39656.000000	9956.000000	0.400000
623	-39588.000000	9946.000000	0.400000
624	-39640.000000	9954.000000	0.400000
625	-39664.000000	9958.000000	0.400000
626	-39792.000000	9974.000000	0.400000
627	-39744.000000	9968.000000	0.400000
628	-39728.000000	9966.000000	0.400000
629	-39620.000000	9952.000000	0.400000
630	-39844.000000	9980.000000	0.400000
631	-39732.000000	9966.000000	0.400000
632	-39824.000000	9978.000000	0.400000
633	-39796.000000	9974.000000	0.400000
634	-39696.000000	9962.000000	0.400000
635	-39712.000000	9962.000000	0.400000
636	-39716.000000	9964.000000	0.400000
637	-39632.000000	9954.000000	0.400000
638	-39792.000000	9974.000000	0.400000
639	-39796.000000	9974.000000	0.400000
640	-39824.000000	9978.000000	0.400000
641	-39764.000000	9970.000000	0.400000
642	-39696.000000	9962.000000	0.400000
643	-39700.000000	9962.000000	0.400000
644	-39684.000000	9960.000000	0.400000
645	-39780.000000	9972.000000	0.400000
646	-39748.000000	9968.000000	0.400000
647	-39748.000000	9968.000000	0.400000
648	-39744.000000	9968.000000	0.400000
649	-39704.000000	9962.000000	0.400000
650	-39728.000000	9966.000000	0.400000
651	-39764.000000	9970.000000	0.400000
652	-39712.000000	9964.000000	0.400000
653	-39760.000000	9970.000000	0.400000
654	-39904.000000	9988.000000	0.400000
655	-39808.000000	9976.000000	0.400000
656	-39776.000000	9972.000000	0.400000
657	-39700.000000	9962.000000	0.400000
658	-39552.000000	9942.000000	0.400000
659	-39476.000000	9932.000000	0.400000
660	-39576.000000	9944.000000	0.400000
661	-39744.000000	9968.000000	0.400000
662	-39796.000000	9974.000000	0.400000
663	-39680.000000	9960.000000	0.400000
664	-39696.000000	9962.000000	0.400000
665	-39664.000000	9958.000000	0.400000
666	-39728.000000	9966.000000	0.400000
667	-39792.000000	9974.000000	0.400000
668	-39824.000000	9978.000000	0.400000
669	-39704.000000	9962.000000	0.400000
670	-39616.000000	9952.000000	0.400000
671	-39764.000000	9970.000000	0.400000
672	-39680.000000	9960.000000	0.400000
673	-39728.000000	9966.000000	0.400000
674	-39584.000000	9948.000000	0.400000
675	-39680.000000	9960.000000	0.400000
676	-39588.000000	9948.000000	0.400000
677	-39604.000000	9950.000000	0.400000
678	-39712.000000	9964.000000	0.400000
679	-39592.000000	9948.000000	0.400000
680	-39688.000000	9960.000000	0.400000
681	-39664.000000	9958.000000	0.400000
682	-39728.000000	9966.000000	0.400000
683	-39840.000000	9980.000000	0.400000
684	-39712.000000	9964.000000	0.400000
685	-39656.000000	9956.000000	0.400000
686	-39776.000000	9972.000000	0.400000
687	-39792.000000	9974.000000	0.400000
688	-39808.000000	9976.000000	0.400000
689	-39728.000000	9966.000000	0.400000
690	-39760.000000	9970.000000	0.400000
691	-39684.000000	9960.000000	0.400000
692	-39712.000000	9964.000000	0.400000
693	-39760.000000	9970.000000	0.400000
694	-39760.000000	9970.000000	0.400000
695	-39792.000000	9974.000000	0.400000
696	-39668.000000	9958.000000	0.400000
697	-39760.000000	9970.000000	0.400000
698	-39760.000000	9970.000000	0.400000
699	-39620.000000	9952.000000	0.400000
700	-39748.000000	9968.000000	0.400000
701	-39652.000000	9956.000000	0.400000
702	-39792.000000	9974.000000	0.400000
703	-39732.000000	9966.000000	0.400000
704	-39720.000000	9964.000000	0.400000
705	-39636.000000	9954.000000	0.400000
706	-39736.000000	9966.000000	0.400000
707	-39760.000000	9970.000000	0.400000
708	-39744.000000	9968.000000	0.400000
709	-39696.000000	9962.000000	0.400000
710	-39664.000000	9958.000000	0.400000
711	-39688.000000	9960.000000	0.400000
712	-39764.000000	9970.000000	0.400000
713	-39776.000000	9972.000000	0.400000
714	-39748.000000	9968.000000	0.400000
715	-39684.000000	9960.000000	0.400000
716	-39664.000000	9958.000000	0.400000
717	-39744.000000	9968.000000	0.400000
718	-39776.000000	9972.000000	0.400000
719	-39808.000000	9976.000000	0.400000
720	-39856.000000	9982.000000	0.400000
721	-39856.000000	9982.000000	0.400000
722	-39668.000000	9958.000000	0.400000
723	-39760.000000	9970.000000	0.400000
724	-39760.000000	9970.000000	0.400000
725	-39680.000000	9960.000000	0.400000
726	-39648.000000	9956.000000	0.400000
727	-39636.000000	9954.000000	0.400000
728	-39696.000000	9962.000000	0.400000
729	-39696.000000	9962.000000	0.400000
730	-39648.000000	9956.000000	0.400000
731	-39648.000000	9956.000000	0.400000
732	-39652.000000	9956.000000	0.400000
733	-39696.000000	9962.000000	0.400000
734	-39620.000000	9952.000000	0.400000
735	-39652.000000	9956.000000	0.400000
736	-39624.000000	9952.000000	0.400000
737	-39728.000000	9966.000000	0.400000
738	-39808.000000	9976.000000	0.400000
739	-39704.000000	9962.000000	0.400000
740	-39840.000000	9980.000000	0.400000
741	-39792.000000	9974.000000	0.400000
742	-39744.000000	9968.000000	0.400000
743	-39728.000000	9966.000000	0.400000
744	-39728.000000	9966.000000	0.400000
745	-39648.000000	9956.000000	0.400000
746	-39696.000000	9962.000000	0.400000
747	-39712.000000	9964.000000	0.400000
748	-39608.000000	9950.000000	0.400000
749	-39744.000000	9968.000000	0.400000
750	-39672.000000	9958.000000	0.400000
751	-39712.000000	9964.000000	0.400000
752	-39840.000000	9980.000000	0.400000
753	-39824.000000	9978.000000	0.400000
754	-39684.000000	9960.000000	0.400000
755	-39760.000000	9970.000000	0.400000
756	-39792.000000	9974.000000	0.400000
757	-39748.000000	9968.000000	0.400000
758	-39780.000000	9972.000000	0.400000
759	-39716.000000	9964.000000	0.400000
760	-39664.000000	9958.000000	0.400000
761	-39632.000000	9954.000000	0.400000
762	-39632.000000	9954.000000	0.400000
763	-39648.000000	9956.000000	0.400000
764	-39712.000000	9964.000000	0.400000
765	-39696.000000	9962.000000	0.400000
766	-39872.000000	9984.000000	0.400000
767	-39876.000000	9984.000000	0.400000
768	-39940.000000	9992.000000	0.400000
769	-39812.000000	9976.000000	0.400000
770	-39796.000000	9974.000000	0.400000
771	-39672.000000	9958.000000	0.400000
772	-39732.000000	9966.000000	0.400000
773	-39716.000000	9964.000000	0.400000
774	-39824.000000	9978.000000	0.400000
775	-39808.000000	9976.000000	0.400000
776	-39712.000000	9964.000000	0.400000
777	-39792.000000	9974.000000	0.400000
778	-39732.000000	9966.000000	0.400000
779	-39676.000000	9958.000000	0.400000
780	-39808.000000	9976.000000	0.400000
781	-39776.000000	9972.000000	0.400000
782	-39684.000000	9960.000000	0.400000
783	-39668.000000	9958.000000	0.400000
784	-39688.000000	9960.000000	0.400000
785	-39744.000000	9968.000000	0.400000
786	-39796.000000	9974.000000	0.400000
787	-39876.000000	9984.000000	0.400000
788	-39744.000000	9968.000000	0.400000
789	-39684.000000	9960.000000	0.400000
790	-39856.000000	9982.000000	0.400000
791	-39776.000000	9972.000000	0.400000
792	-39648.000000	9956.000000	0.400000
793	-39684.000000	9960.000000	0.400000
794	-39692.000000	9960.000000	0.400000
795	-39764.000000	9970.000000	0.400000
796	-39620.000000	9952.000000	0.400000
797	-39636.000000	9954.000000	0.400000
798	-39592.000000	9948.000000	0.400000
799	-39576.000000	9946.000000	0.400000
800	-39728.000000	9966.000000	0.400000
801	-39672.000000	9958.000000	0.400000
802	-39508.000000	9938.000000	0.400000
803	-39540.000000	9942.000000	0.400000
804	-39616.000000	9952.000000	0.400000
805	-39532.000000	9940.000000	0.400000
806	-39680.000000	9960.000000	0.400000
807	-39696.000000	9962.000000	0.400000
808	-39664.000000	9958.000000	0.400000
809	-39696.000000	9960.000000	0.400000
810	-39776.000000	9972.000000	0.400000
811	-39716.000000	9964.000000	0.400000
812	-39680.000000	9960.000000	0.400000
813	-39776.000000	9972.000000	0.400000
814	-39760.000000	9970.000000	0.400000
815	-39760.000000	9970.000000	0.400000
816	-39684.000000	9960.000000	0.400000
817	-39540.000000	9942.000000	0.400000
818	-39636.000000	9954.000000	0.400000
819	-39572.000000	9946.000000	0.400000
820	-39668.000000	9958.000000	0.400000
821	-39676.000000	9958.000000	0.400000
822	-39792.000000	9974.000000	0.400000
823	-39792.000000	9974.000000	0.400000
824	-39680.000000	9958.000000	0.400000
825	-39776.000000	9972.000000	0.400000
826	-39680.000000	9960.000000	0.400000
827	-39696.000000	9962.000000	0.400000
828	-39776.000000	9972.000000	0.400000
829	-39576.000000	9946.000000	0.400000
830	-39780.000000	9972.000000	0.400000
831	-39780.000000	9972.000000	0.400000
832	-39744.000000	9968.000000	0.400000
833	-39712.000000	9964.000000	0.400000
834	-39776.000000	9972.000000	0.400000
835	-39736.000000	9966.000000	0.400000
836	-39776.000000	9972.000000	0.400000
837	-39716.000000	9964.000000	0.400000
838	-39824.000000	9978.000000	0.400000
839	-39872.000000	9984.000000	0.400000
840	-39812.000000	9976.000000	0.400000
841	-39764.000000	9970.000000	0.400000
842	-39728.000000	9966.000000	0.400000
843	-39712.000000	9964.000000	0.400000
844	-39796.000000	9974.000000	0.400000
845	-39808.000000	9976.000000	0.400000
846	-39700.000000	9962.000000	0.400000
847	-39728.000000	9966.000000	0.400000
848	-39712.000000	9964.000000	0.400000
849	-39840.000000	9980.000000	0.400000
850	-39696.000000	9962.000000	0.400000
851	-39748.000000	9968.000000	0.400000
852	-39728.000000	9966.000000	0.400000
853	-39716.000000	9964.000000	0.400000
854	-39760.000000	9970.000000	0.400000
855	-39768.000000	9970.000000	0.400000
856	-39796.000000	9974.000000	0.400000
857	-39744.000000	9968.000000	0.400000
858	-39700.000000	9962.000000	0.400000
859	-39732.000000	9966.000000	0.400000
860	-39728.000000	9966.000000	0.400000
861	-39696.000000	9962.000000	0.400000
862	-39632.000000	9954.000000	0.400000
863	-39668.000000	9958.000000	0.400000
864	-39716.000000	9964.000000	0.400000
865	-39736.000000	9966.000000	0.400000
866	-39672.000000	9958.000000	0.400000
867	-39776.000000	9972.000000	0.400000
868	-39700.000000	9962.000000	0.400000
869	-39732.000000	9966.000000	0.400000
870	-39704.000000	9962.000000	0.400000
871	-39648.000000	9956.000000	0.400000
872	-39728.000000	9966.000000	0.400000
873	-39680.000000	9960.000000	0.400000
874	-39728.000000	9966.000000	0.400000
875	-39776.000000	9972.000000	0.400000
876	-39744.000000	9968.000000	0.400000
877	-39808.000000	9976.000000	0.400000
878	-39840.000000	9980.000000	0.400000
879	-39776.000000	9972.000000	0.400000
880	-39696.000000	9962.000000	0.400000
881	-39668.000000	9958.000000	0.400000
882	-39684.000000	9960.000000	0.400000
883	-39732.000000	9966.000000	0.400000
884	-39828.000000	9978.000000	0.400000
885	-39776.000000	9972.000000	0.400000
886	-39680.000000	9960.000000	0.400000
887	-39684.000000	9960.000000	0.400000
888	-39732.000000	9966.000000	0.400000
889	-39664.000000	9958.000000	0.400000
890	-39744.000000	9968.000000	0.400000
891	-39760.000000	9970.000000	0.400000
892	-39888.000000	9986.000000	0.400000
893	-39784.000000	9972.000000	0.400000
894	-39676.000000	9958.000000	0.400000
895	-39808.000000	9976.000000	0.400000
896	-39792.000000	9974.000000	0.400000
897	-39812.000000	9976.000000	0.400000
898	-39684.000000	9960.000000	0.400000
899	-39680.000000	9960.000000	0.400000
900	-39744.000000	9968.000000	0.400000
901	-39824.000000	9978.000000	0.400000
902	-39696.000000	9962.000000	0.400000
903	-39668.000000	9958.000000	0.400000
904	-39620.000000	9952.000000	0.400000
905	-39572.000000	9946.000000	0.400000
906	-39600.000000	9950.000000	0.400000
907	-39572.000000	9946.000000	0.400000
908	-39596.000000	9948.000000	0.400000
909	-39664.000000	9956.000000	0.400000
910	-39712.000000	9964.000000	0.400000
911	-39760.000000	9970.000000	0.400000
912	-39680.000000	9960.000000	0.400000
913	-39664.000000	9958.000000	0.400000
914	-39532.000000	9940.000000	0.400000
915	-39684.000000	9960.000000	0.400000
916	-39744.000000	9968.000000	0.400000
917	-39744.000000	9968.000000	0.400000
918	-39712.000000	9964.000000	0.400000
919	-39696.000000	9962.000000	0.400000
920	-39696.000000	9962.000000	0.400000
921	-39808.000000	9976.000000	0.400000
922	-39828.000000	9978.000000	0.400000
923	-39744.000000	9968.000000	0.400000
924	-39716.000000	9964.000000	0.400000
925	-39728.000000	9966.000000	0.400000
926	-39584.000000	9948.000000	0.400000
927	-39696.000000	9962.000000	0.400000
928	-39648.000000	9956.000000	0.400000
929	-39700.000000	9962.000000	0.400000
930	-39668.000000	9958.000000	0.400000
931	-39760.000000	9970.000000	0.400000
932	-39604.000000	9950.000000	0.400000
933	-39792.000000	9974.000000	0.400000
934	-39716.000000	9964.000000	0.400000
935	-39652.000000	9956.000000	0.400000
936	-39688.000000	9960.000000	0.400000
937	-39700.000000	9962.000000	0.400000
938	-39600.000000	9950.000000	0.400000
939	-39648.000000	9956.000000	0.400000
940	-39712.000000	9964.000000	0.400000
941	-39728.000000	9966.000000	0.400000
942	-39748.000000	9968.000000	0.400000
943	-39620.000000	9952.000000	0.400000
944	-39776.000000	9972.000000	0.400000
945	-39776.000000	9972.000000	0.400000
946	-39872.000000	9984.000000	0.400000
947	-39760.000000	9970.000000	0.400000
948	-39696.000000	9962.000000	0.400000
949	-39764.000000	9970.000000	0.400000
950	-39648.000000	9956.000000	0.400000
951	-39680.000000	9960.000000	0.400000
952	-39652.000000	9956.000000	0.400000
953	-39632.000000	9954.000000	0.400000
954	-39620.000000	9952.000000	0.400000
955	-39684.000000	9960.000000	0.400000
956	-39712.000000	9964.000000	0.400000
957	-39656.000000	9956.000000	0.400000
958	-39620.000000	9952.000000	0.400000
959	-39596.000000	9948.000000	0.400000
960	-39728.000000	9966.000000	0.400000
961	-39808.000000	9976.000000	0.400000
962	-39712.000000	9964.000000	0.400000
963	-39708.000000	9962.000000	0.400000
964	-39744.000000	9968.000000	0.400000
965	-39760.000000	9970.000000	0.400000
966	-39712.000000	9964.000000	0.400000
967	-39824.000000	9978.000000	0.400000
968	-39792.000000	9974.000000	0.400000
969	-39712.000000	9964.000000	0.400000
970	-39664.000000	9958.000000	0.400000
971	-39760.000000	9970.000000	0.400000
972	-39784.000000	9972.000000	0.400000
973	-39840.000000	9980.000000	0.400000
974	-39872.000000	9984.000000	0.400000
975	-39824.000000	9978.000000	0.400000
976	-39672.000000	9958.000000	0.400000
977	-39772.000000	9970.000000	0.400000
978	-39812.000000	9976.000000	0.400000
979	-39796.000000	9974.000000	0.400000
980	-39608.000000	9950.000000	0.400000
981	-39792.000000	9974.000000	0.400000
982	-39776.000000	9972.000000	0.400000
983	-39728.000000	9966.000000	0.400000
984	-39840.000000	9980.000000	0.400000
985	-39808.000000	9976.000000	0.400000
986	-39808.000000	9976.000000	0.400000
987	-39748.000000	9968.000000	0.400000
988	-39620.000000	9952.000000	0.400000
989	-39600.000000	9950.000000	0.400000
990	-39648.000000	9956.000000	0.400000
991	-39760.000000	9970.000000	0.400000
992	-39716.000000	9964.000000	0.400000
993	-39664.000000	9958.000000	0.400000
994	-39776.000000	9972.000000	0.400000
995	-39680.000000	9960.000000	0.400000
996	-39716.000000	9964.000000	0.400000
997	-39684.000000	9960.000000	0.400000
998	-39732.000000	9966.000000	0.400000
999	-39840.000000	9980.000000	0.400000
