# step,  Energy, magenetization 
0	-40000.000000	10000.000000	0.900000
1	-40000.000000	10000.000000	0.900000
2	-40000.000000	10000.000000	0.900000
3	-40000.000000	10000.000000	0.900000
4	-40000.000000	10000.000000	0.900000
5	-40000.000000	10000.000000	0.900000
6	-40000.000000	10000.000000	0.900000
7	-40000.000000	10000.000000	0.900000
8	-40000.000000	10000.000000	0.900000
9	-40000.000000	10000.000000	0.900000
10	-40000.000000	10000.000000	0.900000
11	-40000.000000	10000.000000	0.900000
12	-40000.000000	10000.000000	0.900000
13	-40000.000000	10000.000000	0.900000
14	-40000.000000	10000.000000	0.900000
15	-40000.000000	10000.000000	0.900000
16	-40000.000000	10000.000000	0.900000
17	-40000.000000	10000.000000	0.900000
18	-40000.000000	10000.000000	0.900000
19	-40000.000000	10000.000000	0.900000
20	-40000.000000	10000.000000	0.900000
21	-40000.000000	10000.000000	0.900000
22	-40000.000000	10000.000000	0.900000
23	-40000.000000	10000.000000	0.900000
24	-40000.000000	10000.000000	0.900000
25	-40000.000000	10000.000000	0.900000
26	-40000.000000	10000.000000	0.900000
27	-40000.000000	10000.000000	0.900000
28	-40000.000000	10000.000000	0.900000
29	-40000.000000	10000.000000	0.900000
30	-40000.000000	10000.000000	0.900000
31	-40000.000000	10000.000000	0.900000
32	-40000.000000	10000.000000	0.900000
33	-40000.000000	10000.000000	0.900000
34	-40000.000000	10000.000000	0.900000
35	-40000.000000	10000.000000	0.900000
36	-40000.000000	10000.000000	0.900000
37	-40000.000000	10000.000000	0.900000
38	-40000.000000	10000.000000	0.900000
39	-40000.000000	10000.000000	0.900000
40	-40000.000000	10000.000000	0.900000
41	-40000.000000	10000.000000	0.900000
42	-40000.000000	10000.000000	0.900000
43	-40000.000000	10000.000000	0.900000
44	-40000.000000	10000.000000	0.900000
45	-40000.000000	10000.000000	0.900000
46	-40000.000000	10000.000000	0.900000
47	-40000.000000	10000.000000	0.900000
48	-40000.000000	10000.000000	0.900000
49	-40000.000000	10000.000000	0.900000
50	-40000.000000	10000.000000	0.900000
51	-40000.000000	10000.000000	0.900000
52	-40000.000000	10000.000000	0.900000
53	-40000.000000	10000.000000	0.900000
54	-40000.000000	10000.000000	0.900000
55	-40000.000000	10000.000000	0.900000
56	-40000.000000	10000.000000	0.900000
57	-40000.000000	10000.000000	0.900000
58	-40000.000000	10000.000000	0.900000
59	-40000.000000	10000.000000	0.900000
60	-40000.000000	10000.000000	0.900000
61	-40000.000000	10000.000000	0.900000
62	-40000.000000	10000.000000	0.900000
63	-40000.000000	10000.000000	0.900000
64	-40000.000000	10000.000000	0.900000
65	-40000.000000	10000.000000	0.900000
66	-40000.000000	10000.000000	0.900000
67	-40000.000000	10000.000000	0.900000
68	-40000.000000	10000.000000	0.900000
69	-40000.000000	10000.000000	0.900000
70	-40000.000000	10000.000000	0.900000
71	-40000.000000	10000.000000	0.900000
72	-40000.000000	10000.000000	0.900000
73	-40000.000000	10000.000000	0.900000
74	-40000.000000	10000.000000	0.900000
75	-40000.000000	10000.000000	0.900000
76	-40000.000000	10000.000000	0.900000
77	-40000.000000	10000.000000	0.900000
78	-40000.000000	10000.000000	0.900000
79	-40000.000000	10000.000000	0.900000
80	-40000.000000	10000.000000	0.900000
81	-40000.000000	10000.000000	0.900000
82	-40000.000000	10000.000000	0.900000
83	-40000.000000	10000.000000	0.900000
84	-40000.000000	10000.000000	0.900000
85	-40000.000000	10000.000000	0.900000
86	-40000.000000	10000.000000	0.900000
87	-40000.000000	10000.000000	0.900000
88	-40000.000000	10000.000000	0.900000
89	-40000.000000	10000.000000	0.900000
90	-40000.000000	10000.000000	0.900000
91	-40000.000000	10000.000000	0.900000
92	-40000.000000	10000.000000	0.900000
93	-40000.000000	10000.000000	0.900000
94	-40000.000000	10000.000000	0.900000
95	-40000.000000	10000.000000	0.900000
96	-40000.000000	10000.000000	0.900000
97	-40000.000000	10000.000000	0.900000
98	-40000.000000	10000.000000	0.900000
99	-40000.000000	10000.000000	0.900000
100	-40000.000000	10000.000000	0.900000
101	-40000.000000	10000.000000	0.900000
102	-40000.000000	10000.000000	0.900000
103	-40000.000000	10000.000000	0.900000
104	-40000.000000	10000.000000	0.900000
105	-40000.000000	10000.000000	0.900000
106	-40000.000000	10000.000000	0.900000
107	-40000.000000	10000.000000	0.900000
108	-40000.000000	10000.000000	0.900000
109	-40000.000000	10000.000000	0.900000
110	-40000.000000	10000.000000	0.900000
111	-40000.000000	10000.000000	0.900000
112	-40000.000000	10000.000000	0.900000
113	-40000.000000	10000.000000	0.900000
114	-40000.000000	10000.000000	0.900000
115	-40000.000000	10000.000000	0.900000
116	-40000.000000	10000.000000	0.900000
117	-40000.000000	10000.000000	0.900000
118	-40000.000000	10000.000000	0.900000
119	-40000.000000	10000.000000	0.900000
120	-40000.000000	10000.000000	0.900000
121	-40000.000000	10000.000000	0.900000
122	-40000.000000	10000.000000	0.900000
123	-40000.000000	10000.000000	0.900000
124	-40000.000000	10000.000000	0.900000
125	-40000.000000	10000.000000	0.900000
126	-40000.000000	10000.000000	0.900000
127	-40000.000000	10000.000000	0.900000
128	-40000.000000	10000.000000	0.900000
129	-40000.000000	10000.000000	0.900000
130	-40000.000000	10000.000000	0.900000
131	-40000.000000	10000.000000	0.900000
132	-40000.000000	10000.000000	0.900000
133	-40000.000000	10000.000000	0.900000
134	-40000.000000	10000.000000	0.900000
135	-40000.000000	10000.000000	0.900000
136	-40000.000000	10000.000000	0.900000
137	-40000.000000	10000.000000	0.900000
138	-40000.000000	10000.000000	0.900000
139	-40000.000000	10000.000000	0.900000
140	-40000.000000	10000.000000	0.900000
141	-40000.000000	10000.000000	0.900000
142	-40000.000000	10000.000000	0.900000
143	-40000.000000	10000.000000	0.900000
144	-40000.000000	10000.000000	0.900000
145	-40000.000000	10000.000000	0.900000
146	-40000.000000	10000.000000	0.900000
147	-40000.000000	10000.000000	0.900000
148	-40000.000000	10000.000000	0.900000
149	-40000.000000	10000.000000	0.900000
150	-40000.000000	10000.000000	0.900000
151	-40000.000000	10000.000000	0.900000
152	-40000.000000	10000.000000	0.900000
153	-40000.000000	10000.000000	0.900000
154	-40000.000000	10000.000000	0.900000
155	-40000.000000	10000.000000	0.900000
156	-40000.000000	10000.000000	0.900000
157	-40000.000000	10000.000000	0.900000
158	-40000.000000	10000.000000	0.900000
159	-40000.000000	10000.000000	0.900000
160	-40000.000000	10000.000000	0.900000
161	-40000.000000	10000.000000	0.900000
162	-40000.000000	10000.000000	0.900000
163	-40000.000000	10000.000000	0.900000
164	-40000.000000	10000.000000	0.900000
165	-40000.000000	10000.000000	0.900000
166	-40000.000000	10000.000000	0.900000
167	-40000.000000	10000.000000	0.900000
168	-40000.000000	10000.000000	0.900000
169	-40000.000000	10000.000000	0.900000
170	-40000.000000	10000.000000	0.900000
171	-40000.000000	10000.000000	0.900000
172	-40000.000000	10000.000000	0.900000
173	-40000.000000	10000.000000	0.900000
174	-40000.000000	10000.000000	0.900000
175	-39984.000000	9998.000000	0.900000
176	-40000.000000	10000.000000	0.900000
177	-40000.000000	10000.000000	0.900000
178	-40000.000000	10000.000000	0.900000
179	-40000.000000	10000.000000	0.900000
180	-40000.000000	10000.000000	0.900000
181	-40000.000000	10000.000000	0.900000
182	-40000.000000	10000.000000	0.900000
183	-40000.000000	10000.000000	0.900000
184	-40000.000000	10000.000000	0.900000
185	-40000.000000	10000.000000	0.900000
186	-40000.000000	10000.000000	0.900000
187	-40000.000000	10000.000000	0.900000
188	-40000.000000	10000.000000	0.900000
189	-40000.000000	10000.000000	0.900000
190	-40000.000000	10000.000000	0.900000
191	-40000.000000	10000.000000	0.900000
192	-40000.000000	10000.000000	0.900000
193	-40000.000000	10000.000000	0.900000
194	-40000.000000	10000.000000	0.900000
195	-40000.000000	10000.000000	0.900000
196	-40000.000000	10000.000000	0.900000
197	-40000.000000	10000.000000	0.900000
198	-40000.000000	10000.000000	0.900000
199	-40000.000000	10000.000000	0.900000
200	-40000.000000	10000.000000	0.900000
201	-40000.000000	10000.000000	0.900000
202	-40000.000000	10000.000000	0.900000
203	-40000.000000	10000.000000	0.900000
204	-40000.000000	10000.000000	0.900000
205	-40000.000000	10000.000000	0.900000
206	-40000.000000	10000.000000	0.900000
207	-40000.000000	10000.000000	0.900000
208	-40000.000000	10000.000000	0.900000
209	-40000.000000	10000.000000	0.900000
210	-40000.000000	10000.000000	0.900000
211	-40000.000000	10000.000000	0.900000
212	-40000.000000	10000.000000	0.900000
213	-40000.000000	10000.000000	0.900000
214	-40000.000000	10000.000000	0.900000
215	-40000.000000	10000.000000	0.900000
216	-40000.000000	10000.000000	0.900000
217	-40000.000000	10000.000000	0.900000
218	-40000.000000	10000.000000	0.900000
219	-40000.000000	10000.000000	0.900000
220	-40000.000000	10000.000000	0.900000
221	-40000.000000	10000.000000	0.900000
222	-40000.000000	10000.000000	0.900000
223	-40000.000000	10000.000000	0.900000
224	-40000.000000	10000.000000	0.900000
225	-40000.000000	10000.000000	0.900000
226	-40000.000000	10000.000000	0.900000
227	-40000.000000	10000.000000	0.900000
228	-40000.000000	10000.000000	0.900000
229	-40000.000000	10000.000000	0.900000
230	-40000.000000	10000.000000	0.900000
231	-40000.000000	10000.000000	0.900000
232	-40000.000000	10000.000000	0.900000
233	-40000.000000	10000.000000	0.900000
234	-40000.000000	10000.000000	0.900000
235	-40000.000000	10000.000000	0.900000
236	-40000.000000	10000.000000	0.900000
237	-40000.000000	10000.000000	0.900000
238	-40000.000000	10000.000000	0.900000
239	-40000.000000	10000.000000	0.900000
240	-40000.000000	10000.000000	0.900000
241	-40000.000000	10000.000000	0.900000
242	-40000.000000	10000.000000	0.900000
243	-40000.000000	10000.000000	0.900000
244	-40000.000000	10000.000000	0.900000
245	-40000.000000	10000.000000	0.900000
246	-40000.000000	10000.000000	0.900000
247	-40000.000000	10000.000000	0.900000
248	-40000.000000	10000.000000	0.900000
249	-40000.000000	10000.000000	0.900000
250	-40000.000000	10000.000000	0.900000
251	-40000.000000	10000.000000	0.900000
252	-40000.000000	10000.000000	0.900000
253	-40000.000000	10000.000000	0.900000
254	-40000.000000	10000.000000	0.900000
255	-40000.000000	10000.000000	0.900000
256	-40000.000000	10000.000000	0.900000
257	-40000.000000	10000.000000	0.900000
258	-40000.000000	10000.000000	0.900000
259	-40000.000000	10000.000000	0.900000
260	-40000.000000	10000.000000	0.900000
261	-40000.000000	10000.000000	0.900000
262	-40000.000000	10000.000000	0.900000
263	-40000.000000	10000.000000	0.900000
264	-40000.000000	10000.000000	0.900000
265	-40000.000000	10000.000000	0.900000
266	-40000.000000	10000.000000	0.900000
267	-40000.000000	10000.000000	0.900000
268	-40000.000000	10000.000000	0.900000
269	-40000.000000	10000.000000	0.900000
270	-40000.000000	10000.000000	0.900000
271	-40000.000000	10000.000000	0.900000
272	-40000.000000	10000.000000	0.900000
273	-40000.000000	10000.000000	0.900000
274	-40000.000000	10000.000000	0.900000
275	-40000.000000	10000.000000	0.900000
276	-40000.000000	10000.000000	0.900000
277	-40000.000000	10000.000000	0.900000
278	-40000.000000	10000.000000	0.900000
279	-40000.000000	10000.000000	0.900000
280	-40000.000000	10000.000000	0.900000
281	-40000.000000	10000.000000	0.900000
282	-40000.000000	10000.000000	0.900000
283	-40000.000000	10000.000000	0.900000
284	-40000.000000	10000.000000	0.900000
285	-40000.000000	10000.000000	0.900000
286	-40000.000000	10000.000000	0.900000
287	-40000.000000	10000.000000	0.900000
288	-40000.000000	10000.000000	0.900000
289	-40000.000000	10000.000000	0.900000
290	-40000.000000	10000.000000	0.900000
291	-40000.000000	10000.000000	0.900000
292	-40000.000000	10000.000000	0.900000
293	-40000.000000	10000.000000	0.900000
294	-40000.000000	10000.000000	0.900000
295	-40000.000000	10000.000000	0.900000
296	-40000.000000	10000.000000	0.900000
297	-40000.000000	10000.000000	0.900000
298	-40000.000000	10000.000000	0.900000
299	-40000.000000	10000.000000	0.900000
300	-40000.000000	10000.000000	0.900000
301	-40000.000000	10000.000000	0.900000
302	-40000.000000	10000.000000	0.900000
303	-40000.000000	10000.000000	0.900000
304	-40000.000000	10000.000000	0.900000
305	-40000.000000	10000.000000	0.900000
306	-40000.000000	10000.000000	0.900000
307	-40000.000000	10000.000000	0.900000
308	-40000.000000	10000.000000	0.900000
309	-40000.000000	10000.000000	0.900000
310	-40000.000000	10000.000000	0.900000
311	-40000.000000	10000.000000	0.900000
312	-40000.000000	10000.000000	0.900000
313	-40000.000000	10000.000000	0.900000
314	-40000.000000	10000.000000	0.900000
315	-40000.000000	10000.000000	0.900000
316	-40000.000000	10000.000000	0.900000
317	-40000.000000	10000.000000	0.900000
318	-40000.000000	10000.000000	0.900000
319	-40000.000000	10000.000000	0.900000
320	-40000.000000	10000.000000	0.900000
321	-40000.000000	10000.000000	0.900000
322	-40000.000000	10000.000000	0.900000
323	-40000.000000	10000.000000	0.900000
324	-40000.000000	10000.000000	0.900000
325	-40000.000000	10000.000000	0.900000
326	-40000.000000	10000.000000	0.900000
327	-40000.000000	10000.000000	0.900000
328	-40000.000000	10000.000000	0.900000
329	-40000.000000	10000.000000	0.900000
330	-40000.000000	10000.000000	0.900000
331	-40000.000000	10000.000000	0.900000
332	-40000.000000	10000.000000	0.900000
333	-40000.000000	10000.000000	0.900000
334	-40000.000000	10000.000000	0.900000
335	-40000.000000	10000.000000	0.900000
336	-40000.000000	10000.000000	0.900000
337	-40000.000000	10000.000000	0.900000
338	-40000.000000	10000.000000	0.900000
339	-40000.000000	10000.000000	0.900000
340	-40000.000000	10000.000000	0.900000
341	-40000.000000	10000.000000	0.900000
342	-40000.000000	10000.000000	0.900000
343	-40000.000000	10000.000000	0.900000
344	-40000.000000	10000.000000	0.900000
345	-40000.000000	10000.000000	0.900000
346	-40000.000000	10000.000000	0.900000
347	-40000.000000	10000.000000	0.900000
348	-40000.000000	10000.000000	0.900000
349	-40000.000000	10000.000000	0.900000
350	-40000.000000	10000.000000	0.900000
351	-40000.000000	10000.000000	0.900000
352	-40000.000000	10000.000000	0.900000
353	-40000.000000	10000.000000	0.900000
354	-40000.000000	10000.000000	0.900000
355	-40000.000000	10000.000000	0.900000
356	-40000.000000	10000.000000	0.900000
357	-40000.000000	10000.000000	0.900000
358	-39984.000000	9998.000000	0.900000
359	-39984.000000	9998.000000	0.900000
360	-40000.000000	10000.000000	0.900000
361	-40000.000000	10000.000000	0.900000
362	-40000.000000	10000.000000	0.900000
363	-40000.000000	10000.000000	0.900000
364	-40000.000000	10000.000000	0.900000
365	-40000.000000	10000.000000	0.900000
366	-40000.000000	10000.000000	0.900000
367	-40000.000000	10000.000000	0.900000
368	-40000.000000	10000.000000	0.900000
369	-40000.000000	10000.000000	0.900000
370	-40000.000000	10000.000000	0.900000
371	-40000.000000	10000.000000	0.900000
372	-40000.000000	10000.000000	0.900000
373	-40000.000000	10000.000000	0.900000
374	-40000.000000	10000.000000	0.900000
375	-40000.000000	10000.000000	0.900000
376	-40000.000000	10000.000000	0.900000
377	-40000.000000	10000.000000	0.900000
378	-40000.000000	10000.000000	0.900000
379	-40000.000000	10000.000000	0.900000
380	-40000.000000	10000.000000	0.900000
381	-40000.000000	10000.000000	0.900000
382	-40000.000000	10000.000000	0.900000
383	-40000.000000	10000.000000	0.900000
384	-40000.000000	10000.000000	0.900000
385	-40000.000000	10000.000000	0.900000
386	-40000.000000	10000.000000	0.900000
387	-40000.000000	10000.000000	0.900000
388	-40000.000000	10000.000000	0.900000
389	-40000.000000	10000.000000	0.900000
390	-40000.000000	10000.000000	0.900000
391	-40000.000000	10000.000000	0.900000
392	-40000.000000	10000.000000	0.900000
393	-40000.000000	10000.000000	0.900000
394	-40000.000000	10000.000000	0.900000
395	-40000.000000	10000.000000	0.900000
396	-40000.000000	10000.000000	0.900000
397	-40000.000000	10000.000000	0.900000
398	-40000.000000	10000.000000	0.900000
399	-40000.000000	10000.000000	0.900000
400	-40000.000000	10000.000000	0.900000
401	-40000.000000	10000.000000	0.900000
402	-40000.000000	10000.000000	0.900000
403	-40000.000000	10000.000000	0.900000
404	-39984.000000	9998.000000	0.900000
405	-40000.000000	10000.000000	0.900000
406	-40000.000000	10000.000000	0.900000
407	-40000.000000	10000.000000	0.900000
408	-40000.000000	10000.000000	0.900000
409	-40000.000000	10000.000000	0.900000
410	-40000.000000	10000.000000	0.900000
411	-40000.000000	10000.000000	0.900000
412	-40000.000000	10000.000000	0.900000
413	-40000.000000	10000.000000	0.900000
414	-40000.000000	10000.000000	0.900000
415	-40000.000000	10000.000000	0.900000
416	-40000.000000	10000.000000	0.900000
417	-40000.000000	10000.000000	0.900000
418	-40000.000000	10000.000000	0.900000
419	-40000.000000	10000.000000	0.900000
420	-40000.000000	10000.000000	0.900000
421	-40000.000000	10000.000000	0.900000
422	-40000.000000	10000.000000	0.900000
423	-40000.000000	10000.000000	0.900000
424	-40000.000000	10000.000000	0.900000
425	-40000.000000	10000.000000	0.900000
426	-40000.000000	10000.000000	0.900000
427	-40000.000000	10000.000000	0.900000
428	-40000.000000	10000.000000	0.900000
429	-40000.000000	10000.000000	0.900000
430	-40000.000000	10000.000000	0.900000
431	-40000.000000	10000.000000	0.900000
432	-40000.000000	10000.000000	0.900000
433	-40000.000000	10000.000000	0.900000
434	-40000.000000	10000.000000	0.900000
435	-40000.000000	10000.000000	0.900000
436	-40000.000000	10000.000000	0.900000
437	-40000.000000	10000.000000	0.900000
438	-40000.000000	10000.000000	0.900000
439	-40000.000000	10000.000000	0.900000
440	-40000.000000	10000.000000	0.900000
441	-40000.000000	10000.000000	0.900000
442	-40000.000000	10000.000000	0.900000
443	-40000.000000	10000.000000	0.900000
444	-40000.000000	10000.000000	0.900000
445	-40000.000000	10000.000000	0.900000
446	-40000.000000	10000.000000	0.900000
447	-40000.000000	10000.000000	0.900000
448	-40000.000000	10000.000000	0.900000
449	-40000.000000	10000.000000	0.900000
450	-40000.000000	10000.000000	0.900000
451	-40000.000000	10000.000000	0.900000
452	-40000.000000	10000.000000	0.900000
453	-40000.000000	10000.000000	0.900000
454	-40000.000000	10000.000000	0.900000
455	-40000.000000	10000.000000	0.900000
456	-40000.000000	10000.000000	0.900000
457	-40000.000000	10000.000000	0.900000
458	-40000.000000	10000.000000	0.900000
459	-40000.000000	10000.000000	0.900000
460	-40000.000000	10000.000000	0.900000
461	-40000.000000	10000.000000	0.900000
462	-40000.000000	10000.000000	0.900000
463	-40000.000000	10000.000000	0.900000
464	-40000.000000	10000.000000	0.900000
465	-40000.000000	10000.000000	0.900000
466	-40000.000000	10000.000000	0.900000
467	-40000.000000	10000.000000	0.900000
468	-40000.000000	10000.000000	0.900000
469	-40000.000000	10000.000000	0.900000
470	-40000.000000	10000.000000	0.900000
471	-40000.000000	10000.000000	0.900000
472	-40000.000000	10000.000000	0.900000
473	-40000.000000	10000.000000	0.900000
474	-40000.000000	10000.000000	0.900000
475	-40000.000000	10000.000000	0.900000
476	-40000.000000	10000.000000	0.900000
477	-40000.000000	10000.000000	0.900000
478	-40000.000000	10000.000000	0.900000
479	-40000.000000	10000.000000	0.900000
480	-40000.000000	10000.000000	0.900000
481	-40000.000000	10000.000000	0.900000
482	-40000.000000	10000.000000	0.900000
483	-40000.000000	10000.000000	0.900000
484	-40000.000000	10000.000000	0.900000
485	-40000.000000	10000.000000	0.900000
486	-40000.000000	10000.000000	0.900000
487	-40000.000000	10000.000000	0.900000
488	-40000.000000	10000.000000	0.900000
489	-40000.000000	10000.000000	0.900000
490	-40000.000000	10000.000000	0.900000
491	-40000.000000	10000.000000	0.900000
492	-40000.000000	10000.000000	0.900000
493	-40000.000000	10000.000000	0.900000
494	-40000.000000	10000.000000	0.900000
495	-40000.000000	10000.000000	0.900000
496	-40000.000000	10000.000000	0.900000
497	-40000.000000	10000.000000	0.900000
498	-40000.000000	10000.000000	0.900000
499	-40000.000000	10000.000000	0.900000
500	-40000.000000	10000.000000	0.900000
501	-40000.000000	10000.000000	0.900000
502	-40000.000000	10000.000000	0.900000
503	-40000.000000	10000.000000	0.900000
504	-40000.000000	10000.000000	0.900000
505	-40000.000000	10000.000000	0.900000
506	-39984.000000	9998.000000	0.900000
507	-40000.000000	10000.000000	0.900000
508	-40000.000000	10000.000000	0.900000
509	-40000.000000	10000.000000	0.900000
510	-40000.000000	10000.000000	0.900000
511	-40000.000000	10000.000000	0.900000
512	-40000.000000	10000.000000	0.900000
513	-40000.000000	10000.000000	0.900000
514	-40000.000000	10000.000000	0.900000
515	-40000.000000	10000.000000	0.900000
516	-40000.000000	10000.000000	0.900000
517	-40000.000000	10000.000000	0.900000
518	-40000.000000	10000.000000	0.900000
519	-40000.000000	10000.000000	0.900000
520	-40000.000000	10000.000000	0.900000
521	-40000.000000	10000.000000	0.900000
522	-40000.000000	10000.000000	0.900000
523	-40000.000000	10000.000000	0.900000
524	-40000.000000	10000.000000	0.900000
525	-40000.000000	10000.000000	0.900000
526	-40000.000000	10000.000000	0.900000
527	-40000.000000	10000.000000	0.900000
528	-40000.000000	10000.000000	0.900000
529	-40000.000000	10000.000000	0.900000
530	-40000.000000	10000.000000	0.900000
531	-40000.000000	10000.000000	0.900000
532	-40000.000000	10000.000000	0.900000
533	-40000.000000	10000.000000	0.900000
534	-40000.000000	10000.000000	0.900000
535	-40000.000000	10000.000000	0.900000
536	-40000.000000	10000.000000	0.900000
537	-40000.000000	10000.000000	0.900000
538	-40000.000000	10000.000000	0.900000
539	-40000.000000	10000.000000	0.900000
540	-40000.000000	10000.000000	0.900000
541	-40000.000000	10000.000000	0.900000
542	-40000.000000	10000.000000	0.900000
543	-40000.000000	10000.000000	0.900000
544	-40000.000000	10000.000000	0.900000
545	-40000.000000	10000.000000	0.900000
546	-40000.000000	10000.000000	0.900000
547	-40000.000000	10000.000000	0.900000
548	-40000.000000	10000.000000	0.900000
549	-40000.000000	10000.000000	0.900000
550	-40000.000000	10000.000000	0.900000
551	-40000.000000	10000.000000	0.900000
552	-40000.000000	10000.000000	0.900000
553	-40000.000000	10000.000000	0.900000
554	-40000.000000	10000.000000	0.900000
555	-40000.000000	10000.000000	0.900000
556	-40000.000000	10000.000000	0.900000
557	-40000.000000	10000.000000	0.900000
558	-40000.000000	10000.000000	0.900000
559	-40000.000000	10000.000000	0.900000
560	-40000.000000	10000.000000	0.900000
561	-40000.000000	10000.000000	0.900000
562	-40000.000000	10000.000000	0.900000
563	-40000.000000	10000.000000	0.900000
564	-40000.000000	10000.000000	0.900000
565	-40000.000000	10000.000000	0.900000
566	-40000.000000	10000.000000	0.900000
567	-40000.000000	10000.000000	0.900000
568	-40000.000000	10000.000000	0.900000
569	-40000.000000	10000.000000	0.900000
570	-40000.000000	10000.000000	0.900000
571	-40000.000000	10000.000000	0.900000
572	-40000.000000	10000.000000	0.900000
573	-40000.000000	10000.000000	0.900000
574	-40000.000000	10000.000000	0.900000
575	-40000.000000	10000.000000	0.900000
576	-40000.000000	10000.000000	0.900000
577	-40000.000000	10000.000000	0.900000
578	-40000.000000	10000.000000	0.900000
579	-40000.000000	10000.000000	0.900000
580	-40000.000000	10000.000000	0.900000
581	-40000.000000	10000.000000	0.900000
582	-40000.000000	10000.000000	0.900000
583	-40000.000000	10000.000000	0.900000
584	-40000.000000	10000.000000	0.900000
585	-40000.000000	10000.000000	0.900000
586	-40000.000000	10000.000000	0.900000
587	-40000.000000	10000.000000	0.900000
588	-40000.000000	10000.000000	0.900000
589	-40000.000000	10000.000000	0.900000
590	-40000.000000	10000.000000	0.900000
591	-40000.000000	10000.000000	0.900000
592	-40000.000000	10000.000000	0.900000
593	-40000.000000	10000.000000	0.900000
594	-40000.000000	10000.000000	0.900000
595	-40000.000000	10000.000000	0.900000
596	-40000.000000	10000.000000	0.900000
597	-40000.000000	10000.000000	0.900000
598	-40000.000000	10000.000000	0.900000
599	-40000.000000	10000.000000	0.900000
600	-40000.000000	10000.000000	0.900000
601	-40000.000000	10000.000000	0.900000
602	-40000.000000	10000.000000	0.900000
603	-40000.000000	10000.000000	0.900000
604	-40000.000000	10000.000000	0.900000
605	-40000.000000	10000.000000	0.900000
606	-40000.000000	10000.000000	0.900000
607	-40000.000000	10000.000000	0.900000
608	-40000.000000	10000.000000	0.900000
609	-40000.000000	10000.000000	0.900000
610	-40000.000000	10000.000000	0.900000
611	-40000.000000	10000.000000	0.900000
612	-40000.000000	10000.000000	0.900000
613	-40000.000000	10000.000000	0.900000
614	-40000.000000	10000.000000	0.900000
615	-40000.000000	10000.000000	0.900000
616	-40000.000000	10000.000000	0.900000
617	-40000.000000	10000.000000	0.900000
618	-40000.000000	10000.000000	0.900000
619	-40000.000000	10000.000000	0.900000
620	-40000.000000	10000.000000	0.900000
621	-40000.000000	10000.000000	0.900000
622	-40000.000000	10000.000000	0.900000
623	-40000.000000	10000.000000	0.900000
624	-40000.000000	10000.000000	0.900000
625	-40000.000000	10000.000000	0.900000
626	-40000.000000	10000.000000	0.900000
627	-40000.000000	10000.000000	0.900000
628	-40000.000000	10000.000000	0.900000
629	-40000.000000	10000.000000	0.900000
630	-40000.000000	10000.000000	0.900000
631	-40000.000000	10000.000000	0.900000
632	-40000.000000	10000.000000	0.900000
633	-40000.000000	10000.000000	0.900000
634	-40000.000000	10000.000000	0.900000
635	-40000.000000	10000.000000	0.900000
636	-40000.000000	10000.000000	0.900000
637	-40000.000000	10000.000000	0.900000
638	-40000.000000	10000.000000	0.900000
639	-40000.000000	10000.000000	0.900000
640	-39984.000000	9998.000000	0.900000
641	-39984.000000	9998.000000	0.900000
642	-39984.000000	9998.000000	0.900000
643	-40000.000000	10000.000000	0.900000
644	-40000.000000	10000.000000	0.900000
645	-40000.000000	10000.000000	0.900000
646	-40000.000000	10000.000000	0.900000
647	-40000.000000	10000.000000	0.900000
648	-40000.000000	10000.000000	0.900000
649	-40000.000000	10000.000000	0.900000
650	-40000.000000	10000.000000	0.900000
651	-40000.000000	10000.000000	0.900000
652	-40000.000000	10000.000000	0.900000
653	-40000.000000	10000.000000	0.900000
654	-40000.000000	10000.000000	0.900000
655	-40000.000000	10000.000000	0.900000
656	-40000.000000	10000.000000	0.900000
657	-40000.000000	10000.000000	0.900000
658	-40000.000000	10000.000000	0.900000
659	-40000.000000	10000.000000	0.900000
660	-40000.000000	10000.000000	0.900000
661	-40000.000000	10000.000000	0.900000
662	-40000.000000	10000.000000	0.900000
663	-40000.000000	10000.000000	0.900000
664	-40000.000000	10000.000000	0.900000
665	-40000.000000	10000.000000	0.900000
666	-40000.000000	10000.000000	0.900000
667	-40000.000000	10000.000000	0.900000
668	-40000.000000	10000.000000	0.900000
669	-40000.000000	10000.000000	0.900000
670	-40000.000000	10000.000000	0.900000
671	-40000.000000	10000.000000	0.900000
672	-40000.000000	10000.000000	0.900000
673	-40000.000000	10000.000000	0.900000
674	-40000.000000	10000.000000	0.900000
675	-40000.000000	10000.000000	0.900000
676	-40000.000000	10000.000000	0.900000
677	-40000.000000	10000.000000	0.900000
678	-40000.000000	10000.000000	0.900000
679	-40000.000000	10000.000000	0.900000
680	-40000.000000	10000.000000	0.900000
681	-40000.000000	10000.000000	0.900000
682	-40000.000000	10000.000000	0.900000
683	-40000.000000	10000.000000	0.900000
684	-40000.000000	10000.000000	0.900000
685	-40000.000000	10000.000000	0.900000
686	-40000.000000	10000.000000	0.900000
687	-40000.000000	10000.000000	0.900000
688	-40000.000000	10000.000000	0.900000
689	-40000.000000	10000.000000	0.900000
690	-40000.000000	10000.000000	0.900000
691	-40000.000000	10000.000000	0.900000
692	-40000.000000	10000.000000	0.900000
693	-40000.000000	10000.000000	0.900000
694	-40000.000000	10000.000000	0.900000
695	-40000.000000	10000.000000	0.900000
696	-40000.000000	10000.000000	0.900000
697	-40000.000000	10000.000000	0.900000
698	-40000.000000	10000.000000	0.900000
699	-40000.000000	10000.000000	0.900000
700	-40000.000000	10000.000000	0.900000
701	-40000.000000	10000.000000	0.900000
702	-40000.000000	10000.000000	0.900000
703	-40000.000000	10000.000000	0.900000
704	-40000.000000	10000.000000	0.900000
705	-40000.000000	10000.000000	0.900000
706	-40000.000000	10000.000000	0.900000
707	-40000.000000	10000.000000	0.900000
708	-40000.000000	10000.000000	0.900000
709	-40000.000000	10000.000000	0.900000
710	-40000.000000	10000.000000	0.900000
711	-40000.000000	10000.000000	0.900000
712	-40000.000000	10000.000000	0.900000
713	-40000.000000	10000.000000	0.900000
714	-40000.000000	10000.000000	0.900000
715	-40000.000000	10000.000000	0.900000
716	-40000.000000	10000.000000	0.900000
717	-40000.000000	10000.000000	0.900000
718	-40000.000000	10000.000000	0.900000
719	-40000.000000	10000.000000	0.900000
720	-40000.000000	10000.000000	0.900000
721	-40000.000000	10000.000000	0.900000
722	-40000.000000	10000.000000	0.900000
723	-40000.000000	10000.000000	0.900000
724	-40000.000000	10000.000000	0.900000
725	-40000.000000	10000.000000	0.900000
726	-40000.000000	10000.000000	0.900000
727	-40000.000000	10000.000000	0.900000
728	-40000.000000	10000.000000	0.900000
729	-40000.000000	10000.000000	0.900000
730	-40000.000000	10000.000000	0.900000
731	-40000.000000	10000.000000	0.900000
732	-40000.000000	10000.000000	0.900000
733	-40000.000000	10000.000000	0.900000
734	-40000.000000	10000.000000	0.900000
735	-40000.000000	10000.000000	0.900000
736	-40000.000000	10000.000000	0.900000
737	-40000.000000	10000.000000	0.900000
738	-40000.000000	10000.000000	0.900000
739	-40000.000000	10000.000000	0.900000
740	-40000.000000	10000.000000	0.900000
741	-40000.000000	10000.000000	0.900000
742	-40000.000000	10000.000000	0.900000
743	-40000.000000	10000.000000	0.900000
744	-40000.000000	10000.000000	0.900000
745	-40000.000000	10000.000000	0.900000
746	-40000.000000	10000.000000	0.900000
747	-40000.000000	10000.000000	0.900000
748	-40000.000000	10000.000000	0.900000
749	-40000.000000	10000.000000	0.900000
750	-40000.000000	10000.000000	0.900000
751	-40000.000000	10000.000000	0.900000
752	-40000.000000	10000.000000	0.900000
753	-40000.000000	10000.000000	0.900000
754	-40000.000000	10000.000000	0.900000
755	-40000.000000	10000.000000	0.900000
756	-40000.000000	10000.000000	0.900000
757	-40000.000000	10000.000000	0.900000
758	-40000.000000	10000.000000	0.900000
759	-40000.000000	10000.000000	0.900000
760	-40000.000000	10000.000000	0.900000
761	-40000.000000	10000.000000	0.900000
762	-40000.000000	10000.000000	0.900000
763	-40000.000000	10000.000000	0.900000
764	-40000.000000	10000.000000	0.900000
765	-40000.000000	10000.000000	0.900000
766	-40000.000000	10000.000000	0.900000
767	-40000.000000	10000.000000	0.900000
768	-40000.000000	10000.000000	0.900000
769	-40000.000000	10000.000000	0.900000
770	-40000.000000	10000.000000	0.900000
771	-40000.000000	10000.000000	0.900000
772	-40000.000000	10000.000000	0.900000
773	-40000.000000	10000.000000	0.900000
774	-40000.000000	10000.000000	0.900000
775	-40000.000000	10000.000000	0.900000
776	-40000.000000	10000.000000	0.900000
777	-40000.000000	10000.000000	0.900000
778	-40000.000000	10000.000000	0.900000
779	-40000.000000	10000.000000	0.900000
780	-40000.000000	10000.000000	0.900000
781	-39984.000000	9998.000000	0.900000
782	-39984.000000	9998.000000	0.900000
783	-39984.000000	9998.000000	0.900000
784	-40000.000000	10000.000000	0.900000
785	-40000.000000	10000.000000	0.900000
786	-40000.000000	10000.000000	0.900000
787	-40000.000000	10000.000000	0.900000
788	-40000.000000	10000.000000	0.900000
789	-40000.000000	10000.000000	0.900000
790	-40000.000000	10000.000000	0.900000
791	-40000.000000	10000.000000	0.900000
792	-40000.000000	10000.000000	0.900000
793	-40000.000000	10000.000000	0.900000
794	-40000.000000	10000.000000	0.900000
795	-40000.000000	10000.000000	0.900000
796	-40000.000000	10000.000000	0.900000
797	-40000.000000	10000.000000	0.900000
798	-40000.000000	10000.000000	0.900000
799	-40000.000000	10000.000000	0.900000
800	-40000.000000	10000.000000	0.900000
801	-40000.000000	10000.000000	0.900000
802	-40000.000000	10000.000000	0.900000
803	-40000.000000	10000.000000	0.900000
804	-40000.000000	10000.000000	0.900000
805	-40000.000000	10000.000000	0.900000
806	-40000.000000	10000.000000	0.900000
807	-40000.000000	10000.000000	0.900000
808	-40000.000000	10000.000000	0.900000
809	-40000.000000	10000.000000	0.900000
810	-40000.000000	10000.000000	0.900000
811	-40000.000000	10000.000000	0.900000
812	-40000.000000	10000.000000	0.900000
813	-40000.000000	10000.000000	0.900000
814	-40000.000000	10000.000000	0.900000
815	-40000.000000	10000.000000	0.900000
816	-40000.000000	10000.000000	0.900000
817	-40000.000000	10000.000000	0.900000
818	-40000.000000	10000.000000	0.900000
819	-40000.000000	10000.000000	0.900000
820	-40000.000000	10000.000000	0.900000
821	-40000.000000	10000.000000	0.900000
822	-40000.000000	10000.000000	0.900000
823	-40000.000000	10000.000000	0.900000
824	-40000.000000	10000.000000	0.900000
825	-40000.000000	10000.000000	0.900000
826	-40000.000000	10000.000000	0.900000
827	-40000.000000	10000.000000	0.900000
828	-40000.000000	10000.000000	0.900000
829	-40000.000000	10000.000000	0.900000
830	-40000.000000	10000.000000	0.900000
831	-40000.000000	10000.000000	0.900000
832	-40000.000000	10000.000000	0.900000
833	-40000.000000	10000.000000	0.900000
834	-40000.000000	10000.000000	0.900000
835	-40000.000000	10000.000000	0.900000
836	-40000.000000	10000.000000	0.900000
837	-40000.000000	10000.000000	0.900000
838	-40000.000000	10000.000000	0.900000
839	-40000.000000	10000.000000	0.900000
840	-40000.000000	10000.000000	0.900000
841	-40000.000000	10000.000000	0.900000
842	-40000.000000	10000.000000	0.900000
843	-40000.000000	10000.000000	0.900000
844	-40000.000000	10000.000000	0.900000
845	-40000.000000	10000.000000	0.900000
846	-40000.000000	10000.000000	0.900000
847	-40000.000000	10000.000000	0.900000
848	-40000.000000	10000.000000	0.900000
849	-40000.000000	10000.000000	0.900000
850	-40000.000000	10000.000000	0.900000
851	-40000.000000	10000.000000	0.900000
852	-40000.000000	10000.000000	0.900000
853	-40000.000000	10000.000000	0.900000
854	-40000.000000	10000.000000	0.900000
855	-40000.000000	10000.000000	0.900000
856	-40000.000000	10000.000000	0.900000
857	-40000.000000	10000.000000	0.900000
858	-40000.000000	10000.000000	0.900000
859	-40000.000000	10000.000000	0.900000
860	-40000.000000	10000.000000	0.900000
861	-40000.000000	10000.000000	0.900000
862	-40000.000000	10000.000000	0.900000
863	-40000.000000	10000.000000	0.900000
864	-40000.000000	10000.000000	0.900000
865	-40000.000000	10000.000000	0.900000
866	-40000.000000	10000.000000	0.900000
867	-40000.000000	10000.000000	0.900000
868	-40000.000000	10000.000000	0.900000
869	-40000.000000	10000.000000	0.900000
870	-40000.000000	10000.000000	0.900000
871	-40000.000000	10000.000000	0.900000
872	-40000.000000	10000.000000	0.900000
873	-40000.000000	10000.000000	0.900000
874	-40000.000000	10000.000000	0.900000
875	-40000.000000	10000.000000	0.900000
876	-40000.000000	10000.000000	0.900000
877	-40000.000000	10000.000000	0.900000
878	-40000.000000	10000.000000	0.900000
879	-40000.000000	10000.000000	0.900000
880	-40000.000000	10000.000000	0.900000
881	-40000.000000	10000.000000	0.900000
882	-40000.000000	10000.000000	0.900000
883	-40000.000000	10000.000000	0.900000
884	-40000.000000	10000.000000	0.900000
885	-40000.000000	10000.000000	0.900000
886	-40000.000000	10000.000000	0.900000
887	-40000.000000	10000.000000	0.900000
888	-40000.000000	10000.000000	0.900000
889	-40000.000000	10000.000000	0.900000
890	-40000.000000	10000.000000	0.900000
891	-40000.000000	10000.000000	0.900000
892	-40000.000000	10000.000000	0.900000
893	-40000.000000	10000.000000	0.900000
894	-40000.000000	10000.000000	0.900000
895	-40000.000000	10000.000000	0.900000
896	-40000.000000	10000.000000	0.900000
897	-40000.000000	10000.000000	0.900000
898	-40000.000000	10000.000000	0.900000
899	-40000.000000	10000.000000	0.900000
900	-40000.000000	10000.000000	0.900000
901	-40000.000000	10000.000000	0.900000
902	-40000.000000	10000.000000	0.900000
903	-40000.000000	10000.000000	0.900000
904	-40000.000000	10000.000000	0.900000
905	-40000.000000	10000.000000	0.900000
906	-40000.000000	10000.000000	0.900000
907	-40000.000000	10000.000000	0.900000
908	-40000.000000	10000.000000	0.900000
909	-40000.000000	10000.000000	0.900000
910	-40000.000000	10000.000000	0.900000
911	-40000.000000	10000.000000	0.900000
912	-40000.000000	10000.000000	0.900000
913	-40000.000000	10000.000000	0.900000
914	-40000.000000	10000.000000	0.900000
915	-40000.000000	10000.000000	0.900000
916	-40000.000000	10000.000000	0.900000
917	-40000.000000	10000.000000	0.900000
918	-40000.000000	10000.000000	0.900000
919	-40000.000000	10000.000000	0.900000
920	-40000.000000	10000.000000	0.900000
921	-40000.000000	10000.000000	0.900000
922	-40000.000000	10000.000000	0.900000
923	-40000.000000	10000.000000	0.900000
924	-40000.000000	10000.000000	0.900000
925	-40000.000000	10000.000000	0.900000
926	-40000.000000	10000.000000	0.900000
927	-40000.000000	10000.000000	0.900000
928	-40000.000000	10000.000000	0.900000
929	-40000.000000	10000.000000	0.900000
930	-40000.000000	10000.000000	0.900000
931	-40000.000000	10000.000000	0.900000
932	-40000.000000	10000.000000	0.900000
933	-40000.000000	10000.000000	0.900000
934	-40000.000000	10000.000000	0.900000
935	-40000.000000	10000.000000	0.900000
936	-40000.000000	10000.000000	0.900000
937	-40000.000000	10000.000000	0.900000
938	-40000.000000	10000.000000	0.900000
939	-40000.000000	10000.000000	0.900000
940	-40000.000000	10000.000000	0.900000
941	-40000.000000	10000.000000	0.900000
942	-40000.000000	10000.000000	0.900000
943	-40000.000000	10000.000000	0.900000
944	-40000.000000	10000.000000	0.900000
945	-40000.000000	10000.000000	0.900000
946	-40000.000000	10000.000000	0.900000
947	-40000.000000	10000.000000	0.900000
948	-40000.000000	10000.000000	0.900000
949	-40000.000000	10000.000000	0.900000
950	-40000.000000	10000.000000	0.900000
951	-40000.000000	10000.000000	0.900000
952	-40000.000000	10000.000000	0.900000
953	-40000.000000	10000.000000	0.900000
954	-40000.000000	10000.000000	0.900000
955	-40000.000000	10000.000000	0.900000
956	-40000.000000	10000.000000	0.900000
957	-40000.000000	10000.000000	0.900000
958	-40000.000000	10000.000000	0.900000
959	-40000.000000	10000.000000	0.900000
960	-40000.000000	10000.000000	0.900000
961	-40000.000000	10000.000000	0.900000
962	-40000.000000	10000.000000	0.900000
963	-40000.000000	10000.000000	0.900000
964	-40000.000000	10000.000000	0.900000
965	-40000.000000	10000.000000	0.900000
966	-40000.000000	10000.000000	0.900000
967	-40000.000000	10000.000000	0.900000
968	-40000.000000	10000.000000	0.900000
969	-40000.000000	10000.000000	0.900000
970	-40000.000000	10000.000000	0.900000
971	-40000.000000	10000.000000	0.900000
972	-40000.000000	10000.000000	0.900000
973	-40000.000000	10000.000000	0.900000
974	-40000.000000	10000.000000	0.900000
975	-40000.000000	10000.000000	0.900000
976	-40000.000000	10000.000000	0.900000
977	-40000.000000	10000.000000	0.900000
978	-40000.000000	10000.000000	0.900000
979	-40000.000000	10000.000000	0.900000
980	-40000.000000	10000.000000	0.900000
981	-40000.000000	10000.000000	0.900000
982	-40000.000000	10000.000000	0.900000
983	-40000.000000	10000.000000	0.900000
984	-40000.000000	10000.000000	0.900000
985	-40000.000000	10000.000000	0.900000
986	-40000.000000	10000.000000	0.900000
987	-40000.000000	10000.000000	0.900000
988	-40000.000000	10000.000000	0.900000
989	-40000.000000	10000.000000	0.900000
990	-40000.000000	10000.000000	0.900000
991	-40000.000000	10000.000000	0.900000
992	-40000.000000	10000.000000	0.900000
993	-40000.000000	10000.000000	0.900000
994	-40000.000000	10000.000000	0.900000
995	-40000.000000	10000.000000	0.900000
996	-40000.000000	10000.000000	0.900000
997	-40000.000000	10000.000000	0.900000
998	-40000.000000	10000.000000	0.900000
999	-40000.000000	10000.000000	0.900000
