# step,  Energy, magenetization 
0	-40000.000000	10000.000000	0.700000
1	-40000.000000	10000.000000	0.700000
2	-39984.000000	9998.000000	0.700000
3	-40000.000000	10000.000000	0.700000
4	-40000.000000	10000.000000	0.700000
5	-40000.000000	10000.000000	0.700000
6	-40000.000000	10000.000000	0.700000
7	-40000.000000	10000.000000	0.700000
8	-40000.000000	10000.000000	0.700000
9	-40000.000000	10000.000000	0.700000
10	-40000.000000	10000.000000	0.700000
11	-40000.000000	10000.000000	0.700000
12	-40000.000000	10000.000000	0.700000
13	-40000.000000	10000.000000	0.700000
14	-40000.000000	10000.000000	0.700000
15	-40000.000000	10000.000000	0.700000
16	-40000.000000	10000.000000	0.700000
17	-40000.000000	10000.000000	0.700000
18	-40000.000000	10000.000000	0.700000
19	-40000.000000	10000.000000	0.700000
20	-40000.000000	10000.000000	0.700000
21	-40000.000000	10000.000000	0.700000
22	-39984.000000	9998.000000	0.700000
23	-39984.000000	9998.000000	0.700000
24	-39968.000000	9996.000000	0.700000
25	-39984.000000	9998.000000	0.700000
26	-40000.000000	10000.000000	0.700000
27	-40000.000000	10000.000000	0.700000
28	-40000.000000	10000.000000	0.700000
29	-40000.000000	10000.000000	0.700000
30	-40000.000000	10000.000000	0.700000
31	-40000.000000	10000.000000	0.700000
32	-40000.000000	10000.000000	0.700000
33	-40000.000000	10000.000000	0.700000
34	-40000.000000	10000.000000	0.700000
35	-40000.000000	10000.000000	0.700000
36	-40000.000000	10000.000000	0.700000
37	-40000.000000	10000.000000	0.700000
38	-40000.000000	10000.000000	0.700000
39	-40000.000000	10000.000000	0.700000
40	-40000.000000	10000.000000	0.700000
41	-40000.000000	10000.000000	0.700000
42	-40000.000000	10000.000000	0.700000
43	-40000.000000	10000.000000	0.700000
44	-40000.000000	10000.000000	0.700000
45	-40000.000000	10000.000000	0.700000
46	-40000.000000	10000.000000	0.700000
47	-40000.000000	10000.000000	0.700000
48	-40000.000000	10000.000000	0.700000
49	-40000.000000	10000.000000	0.700000
50	-40000.000000	10000.000000	0.700000
51	-40000.000000	10000.000000	0.700000
52	-40000.000000	10000.000000	0.700000
53	-40000.000000	10000.000000	0.700000
54	-40000.000000	10000.000000	0.700000
55	-40000.000000	10000.000000	0.700000
56	-40000.000000	10000.000000	0.700000
57	-40000.000000	10000.000000	0.700000
58	-40000.000000	10000.000000	0.700000
59	-40000.000000	10000.000000	0.700000
60	-40000.000000	10000.000000	0.700000
61	-40000.000000	10000.000000	0.700000
62	-40000.000000	10000.000000	0.700000
63	-40000.000000	10000.000000	0.700000
64	-40000.000000	10000.000000	0.700000
65	-40000.000000	10000.000000	0.700000
66	-39984.000000	9998.000000	0.700000
67	-40000.000000	10000.000000	0.700000
68	-40000.000000	10000.000000	0.700000
69	-40000.000000	10000.000000	0.700000
70	-40000.000000	10000.000000	0.700000
71	-40000.000000	10000.000000	0.700000
72	-40000.000000	10000.000000	0.700000
73	-40000.000000	10000.000000	0.700000
74	-40000.000000	10000.000000	0.700000
75	-40000.000000	10000.000000	0.700000
76	-40000.000000	10000.000000	0.700000
77	-40000.000000	10000.000000	0.700000
78	-39984.000000	9998.000000	0.700000
79	-40000.000000	10000.000000	0.700000
80	-40000.000000	10000.000000	0.700000
81	-40000.000000	10000.000000	0.700000
82	-40000.000000	10000.000000	0.700000
83	-40000.000000	10000.000000	0.700000
84	-40000.000000	10000.000000	0.700000
85	-40000.000000	10000.000000	0.700000
86	-40000.000000	10000.000000	0.700000
87	-40000.000000	10000.000000	0.700000
88	-40000.000000	10000.000000	0.700000
89	-40000.000000	10000.000000	0.700000
90	-40000.000000	10000.000000	0.700000
91	-40000.000000	10000.000000	0.700000
92	-40000.000000	10000.000000	0.700000
93	-40000.000000	10000.000000	0.700000
94	-40000.000000	10000.000000	0.700000
95	-40000.000000	10000.000000	0.700000
96	-40000.000000	10000.000000	0.700000
97	-40000.000000	10000.000000	0.700000
98	-40000.000000	10000.000000	0.700000
99	-40000.000000	10000.000000	0.700000
100	-40000.000000	10000.000000	0.700000
101	-40000.000000	10000.000000	0.700000
102	-40000.000000	10000.000000	0.700000
103	-39984.000000	9998.000000	0.700000
104	-40000.000000	10000.000000	0.700000
105	-40000.000000	10000.000000	0.700000
106	-40000.000000	10000.000000	0.700000
107	-40000.000000	10000.000000	0.700000
108	-40000.000000	10000.000000	0.700000
109	-40000.000000	10000.000000	0.700000
110	-40000.000000	10000.000000	0.700000
111	-40000.000000	10000.000000	0.700000
112	-40000.000000	10000.000000	0.700000
113	-40000.000000	10000.000000	0.700000
114	-40000.000000	10000.000000	0.700000
115	-40000.000000	10000.000000	0.700000
116	-40000.000000	10000.000000	0.700000
117	-40000.000000	10000.000000	0.700000
118	-40000.000000	10000.000000	0.700000
119	-40000.000000	10000.000000	0.700000
120	-40000.000000	10000.000000	0.700000
121	-40000.000000	10000.000000	0.700000
122	-39984.000000	9998.000000	0.700000
123	-40000.000000	10000.000000	0.700000
124	-40000.000000	10000.000000	0.700000
125	-40000.000000	10000.000000	0.700000
126	-40000.000000	10000.000000	0.700000
127	-40000.000000	10000.000000	0.700000
128	-40000.000000	10000.000000	0.700000
129	-40000.000000	10000.000000	0.700000
130	-40000.000000	10000.000000	0.700000
131	-40000.000000	10000.000000	0.700000
132	-40000.000000	10000.000000	0.700000
133	-40000.000000	10000.000000	0.700000
134	-40000.000000	10000.000000	0.700000
135	-40000.000000	10000.000000	0.700000
136	-40000.000000	10000.000000	0.700000
137	-40000.000000	10000.000000	0.700000
138	-40000.000000	10000.000000	0.700000
139	-40000.000000	10000.000000	0.700000
140	-40000.000000	10000.000000	0.700000
141	-40000.000000	10000.000000	0.700000
142	-40000.000000	10000.000000	0.700000
143	-40000.000000	10000.000000	0.700000
144	-40000.000000	10000.000000	0.700000
145	-40000.000000	10000.000000	0.700000
146	-40000.000000	10000.000000	0.700000
147	-40000.000000	10000.000000	0.700000
148	-40000.000000	10000.000000	0.700000
149	-39984.000000	9998.000000	0.700000
150	-40000.000000	10000.000000	0.700000
151	-40000.000000	10000.000000	0.700000
152	-40000.000000	10000.000000	0.700000
153	-40000.000000	10000.000000	0.700000
154	-40000.000000	10000.000000	0.700000
155	-40000.000000	10000.000000	0.700000
156	-40000.000000	10000.000000	0.700000
157	-40000.000000	10000.000000	0.700000
158	-40000.000000	10000.000000	0.700000
159	-40000.000000	10000.000000	0.700000
160	-40000.000000	10000.000000	0.700000
161	-40000.000000	10000.000000	0.700000
162	-40000.000000	10000.000000	0.700000
163	-40000.000000	10000.000000	0.700000
164	-40000.000000	10000.000000	0.700000
165	-40000.000000	10000.000000	0.700000
166	-40000.000000	10000.000000	0.700000
167	-40000.000000	10000.000000	0.700000
168	-40000.000000	10000.000000	0.700000
169	-39984.000000	9998.000000	0.700000
170	-40000.000000	10000.000000	0.700000
171	-40000.000000	10000.000000	0.700000
172	-40000.000000	10000.000000	0.700000
173	-40000.000000	10000.000000	0.700000
174	-40000.000000	10000.000000	0.700000
175	-40000.000000	10000.000000	0.700000
176	-40000.000000	10000.000000	0.700000
177	-40000.000000	10000.000000	0.700000
178	-39984.000000	9998.000000	0.700000
179	-39984.000000	9998.000000	0.700000
180	-40000.000000	10000.000000	0.700000
181	-40000.000000	10000.000000	0.700000
182	-40000.000000	10000.000000	0.700000
183	-40000.000000	10000.000000	0.700000
184	-40000.000000	10000.000000	0.700000
185	-40000.000000	10000.000000	0.700000
186	-40000.000000	10000.000000	0.700000
187	-40000.000000	10000.000000	0.700000
188	-39984.000000	9998.000000	0.700000
189	-39984.000000	9998.000000	0.700000
190	-39984.000000	9998.000000	0.700000
191	-40000.000000	10000.000000	0.700000
192	-39984.000000	9998.000000	0.700000
193	-40000.000000	10000.000000	0.700000
194	-40000.000000	10000.000000	0.700000
195	-40000.000000	10000.000000	0.700000
196	-40000.000000	10000.000000	0.700000
197	-40000.000000	10000.000000	0.700000
198	-40000.000000	10000.000000	0.700000
199	-40000.000000	10000.000000	0.700000
200	-39984.000000	9998.000000	0.700000
201	-40000.000000	10000.000000	0.700000
202	-40000.000000	10000.000000	0.700000
203	-40000.000000	10000.000000	0.700000
204	-40000.000000	10000.000000	0.700000
205	-40000.000000	10000.000000	0.700000
206	-40000.000000	10000.000000	0.700000
207	-40000.000000	10000.000000	0.700000
208	-40000.000000	10000.000000	0.700000
209	-40000.000000	10000.000000	0.700000
210	-40000.000000	10000.000000	0.700000
211	-40000.000000	10000.000000	0.700000
212	-40000.000000	10000.000000	0.700000
213	-40000.000000	10000.000000	0.700000
214	-40000.000000	10000.000000	0.700000
215	-40000.000000	10000.000000	0.700000
216	-40000.000000	10000.000000	0.700000
217	-40000.000000	10000.000000	0.700000
218	-40000.000000	10000.000000	0.700000
219	-40000.000000	10000.000000	0.700000
220	-40000.000000	10000.000000	0.700000
221	-40000.000000	10000.000000	0.700000
222	-40000.000000	10000.000000	0.700000
223	-40000.000000	10000.000000	0.700000
224	-40000.000000	10000.000000	0.700000
225	-40000.000000	10000.000000	0.700000
226	-40000.000000	10000.000000	0.700000
227	-40000.000000	10000.000000	0.700000
228	-39984.000000	9998.000000	0.700000
229	-40000.000000	10000.000000	0.700000
230	-40000.000000	10000.000000	0.700000
231	-40000.000000	10000.000000	0.700000
232	-40000.000000	10000.000000	0.700000
233	-40000.000000	10000.000000	0.700000
234	-40000.000000	10000.000000	0.700000
235	-40000.000000	10000.000000	0.700000
236	-40000.000000	10000.000000	0.700000
237	-40000.000000	10000.000000	0.700000
238	-40000.000000	10000.000000	0.700000
239	-40000.000000	10000.000000	0.700000
240	-40000.000000	10000.000000	0.700000
241	-40000.000000	10000.000000	0.700000
242	-40000.000000	10000.000000	0.700000
243	-40000.000000	10000.000000	0.700000
244	-40000.000000	10000.000000	0.700000
245	-40000.000000	10000.000000	0.700000
246	-40000.000000	10000.000000	0.700000
247	-40000.000000	10000.000000	0.700000
248	-40000.000000	10000.000000	0.700000
249	-40000.000000	10000.000000	0.700000
250	-40000.000000	10000.000000	0.700000
251	-40000.000000	10000.000000	0.700000
252	-40000.000000	10000.000000	0.700000
253	-40000.000000	10000.000000	0.700000
254	-40000.000000	10000.000000	0.700000
255	-40000.000000	10000.000000	0.700000
256	-40000.000000	10000.000000	0.700000
257	-40000.000000	10000.000000	0.700000
258	-40000.000000	10000.000000	0.700000
259	-40000.000000	10000.000000	0.700000
260	-40000.000000	10000.000000	0.700000
261	-40000.000000	10000.000000	0.700000
262	-39984.000000	9998.000000	0.700000
263	-40000.000000	10000.000000	0.700000
264	-40000.000000	10000.000000	0.700000
265	-40000.000000	10000.000000	0.700000
266	-40000.000000	10000.000000	0.700000
267	-40000.000000	10000.000000	0.700000
268	-40000.000000	10000.000000	0.700000
269	-40000.000000	10000.000000	0.700000
270	-40000.000000	10000.000000	0.700000
271	-40000.000000	10000.000000	0.700000
272	-40000.000000	10000.000000	0.700000
273	-40000.000000	10000.000000	0.700000
274	-40000.000000	10000.000000	0.700000
275	-40000.000000	10000.000000	0.700000
276	-40000.000000	10000.000000	0.700000
277	-40000.000000	10000.000000	0.700000
278	-40000.000000	10000.000000	0.700000
279	-40000.000000	10000.000000	0.700000
280	-40000.000000	10000.000000	0.700000
281	-40000.000000	10000.000000	0.700000
282	-40000.000000	10000.000000	0.700000
283	-40000.000000	10000.000000	0.700000
284	-40000.000000	10000.000000	0.700000
285	-40000.000000	10000.000000	0.700000
286	-40000.000000	10000.000000	0.700000
287	-40000.000000	10000.000000	0.700000
288	-40000.000000	10000.000000	0.700000
289	-40000.000000	10000.000000	0.700000
290	-39984.000000	9998.000000	0.700000
291	-39984.000000	9998.000000	0.700000
292	-39984.000000	9998.000000	0.700000
293	-40000.000000	10000.000000	0.700000
294	-40000.000000	10000.000000	0.700000
295	-40000.000000	10000.000000	0.700000
296	-40000.000000	10000.000000	0.700000
297	-40000.000000	10000.000000	0.700000
298	-40000.000000	10000.000000	0.700000
299	-40000.000000	10000.000000	0.700000
300	-40000.000000	10000.000000	0.700000
301	-40000.000000	10000.000000	0.700000
302	-40000.000000	10000.000000	0.700000
303	-40000.000000	10000.000000	0.700000
304	-40000.000000	10000.000000	0.700000
305	-40000.000000	10000.000000	0.700000
306	-40000.000000	10000.000000	0.700000
307	-40000.000000	10000.000000	0.700000
308	-40000.000000	10000.000000	0.700000
309	-40000.000000	10000.000000	0.700000
310	-40000.000000	10000.000000	0.700000
311	-40000.000000	10000.000000	0.700000
312	-40000.000000	10000.000000	0.700000
313	-40000.000000	10000.000000	0.700000
314	-40000.000000	10000.000000	0.700000
315	-40000.000000	10000.000000	0.700000
316	-40000.000000	10000.000000	0.700000
317	-40000.000000	10000.000000	0.700000
318	-40000.000000	10000.000000	0.700000
319	-40000.000000	10000.000000	0.700000
320	-40000.000000	10000.000000	0.700000
321	-40000.000000	10000.000000	0.700000
322	-40000.000000	10000.000000	0.700000
323	-40000.000000	10000.000000	0.700000
324	-40000.000000	10000.000000	0.700000
325	-40000.000000	10000.000000	0.700000
326	-40000.000000	10000.000000	0.700000
327	-40000.000000	10000.000000	0.700000
328	-40000.000000	10000.000000	0.700000
329	-40000.000000	10000.000000	0.700000
330	-40000.000000	10000.000000	0.700000
331	-40000.000000	10000.000000	0.700000
332	-40000.000000	10000.000000	0.700000
333	-39984.000000	9998.000000	0.700000
334	-40000.000000	10000.000000	0.700000
335	-40000.000000	10000.000000	0.700000
336	-40000.000000	10000.000000	0.700000
337	-40000.000000	10000.000000	0.700000
338	-40000.000000	10000.000000	0.700000
339	-40000.000000	10000.000000	0.700000
340	-40000.000000	10000.000000	0.700000
341	-40000.000000	10000.000000	0.700000
342	-40000.000000	10000.000000	0.700000
343	-39984.000000	9998.000000	0.700000
344	-40000.000000	10000.000000	0.700000
345	-40000.000000	10000.000000	0.700000
346	-39984.000000	9998.000000	0.700000
347	-40000.000000	10000.000000	0.700000
348	-40000.000000	10000.000000	0.700000
349	-40000.000000	10000.000000	0.700000
350	-39984.000000	9998.000000	0.700000
351	-39984.000000	9998.000000	0.700000
352	-40000.000000	10000.000000	0.700000
353	-40000.000000	10000.000000	0.700000
354	-40000.000000	10000.000000	0.700000
355	-40000.000000	10000.000000	0.700000
356	-40000.000000	10000.000000	0.700000
357	-40000.000000	10000.000000	0.700000
358	-40000.000000	10000.000000	0.700000
359	-40000.000000	10000.000000	0.700000
360	-40000.000000	10000.000000	0.700000
361	-40000.000000	10000.000000	0.700000
362	-40000.000000	10000.000000	0.700000
363	-40000.000000	10000.000000	0.700000
364	-40000.000000	10000.000000	0.700000
365	-40000.000000	10000.000000	0.700000
366	-40000.000000	10000.000000	0.700000
367	-40000.000000	10000.000000	0.700000
368	-40000.000000	10000.000000	0.700000
369	-40000.000000	10000.000000	0.700000
370	-40000.000000	10000.000000	0.700000
371	-40000.000000	10000.000000	0.700000
372	-40000.000000	10000.000000	0.700000
373	-40000.000000	10000.000000	0.700000
374	-40000.000000	10000.000000	0.700000
375	-40000.000000	10000.000000	0.700000
376	-40000.000000	10000.000000	0.700000
377	-40000.000000	10000.000000	0.700000
378	-40000.000000	10000.000000	0.700000
379	-40000.000000	10000.000000	0.700000
380	-40000.000000	10000.000000	0.700000
381	-40000.000000	10000.000000	0.700000
382	-40000.000000	10000.000000	0.700000
383	-40000.000000	10000.000000	0.700000
384	-40000.000000	10000.000000	0.700000
385	-40000.000000	10000.000000	0.700000
386	-40000.000000	10000.000000	0.700000
387	-40000.000000	10000.000000	0.700000
388	-40000.000000	10000.000000	0.700000
389	-40000.000000	10000.000000	0.700000
390	-39984.000000	9998.000000	0.700000
391	-40000.000000	10000.000000	0.700000
392	-39984.000000	9998.000000	0.700000
393	-39984.000000	9998.000000	0.700000
394	-40000.000000	10000.000000	0.700000
395	-40000.000000	10000.000000	0.700000
396	-40000.000000	10000.000000	0.700000
397	-39984.000000	9998.000000	0.700000
398	-39984.000000	9998.000000	0.700000
399	-40000.000000	10000.000000	0.700000
400	-40000.000000	10000.000000	0.700000
401	-40000.000000	10000.000000	0.700000
402	-40000.000000	10000.000000	0.700000
403	-40000.000000	10000.000000	0.700000
404	-40000.000000	10000.000000	0.700000
405	-40000.000000	10000.000000	0.700000
406	-39984.000000	9998.000000	0.700000
407	-39968.000000	9996.000000	0.700000
408	-39984.000000	9998.000000	0.700000
409	-40000.000000	10000.000000	0.700000
410	-40000.000000	10000.000000	0.700000
411	-40000.000000	10000.000000	0.700000
412	-40000.000000	10000.000000	0.700000
413	-40000.000000	10000.000000	0.700000
414	-40000.000000	10000.000000	0.700000
415	-40000.000000	10000.000000	0.700000
416	-40000.000000	10000.000000	0.700000
417	-39984.000000	9998.000000	0.700000
418	-39984.000000	9998.000000	0.700000
419	-40000.000000	10000.000000	0.700000
420	-40000.000000	10000.000000	0.700000
421	-39984.000000	9998.000000	0.700000
422	-39984.000000	9998.000000	0.700000
423	-40000.000000	10000.000000	0.700000
424	-40000.000000	10000.000000	0.700000
425	-40000.000000	10000.000000	0.700000
426	-40000.000000	10000.000000	0.700000
427	-40000.000000	10000.000000	0.700000
428	-40000.000000	10000.000000	0.700000
429	-40000.000000	10000.000000	0.700000
430	-40000.000000	10000.000000	0.700000
431	-40000.000000	10000.000000	0.700000
432	-40000.000000	10000.000000	0.700000
433	-40000.000000	10000.000000	0.700000
434	-40000.000000	10000.000000	0.700000
435	-40000.000000	10000.000000	0.700000
436	-40000.000000	10000.000000	0.700000
437	-40000.000000	10000.000000	0.700000
438	-40000.000000	10000.000000	0.700000
439	-40000.000000	10000.000000	0.700000
440	-40000.000000	10000.000000	0.700000
441	-40000.000000	10000.000000	0.700000
442	-40000.000000	10000.000000	0.700000
443	-39984.000000	9998.000000	0.700000
444	-40000.000000	10000.000000	0.700000
445	-39984.000000	9998.000000	0.700000
446	-39984.000000	9998.000000	0.700000
447	-39984.000000	9998.000000	0.700000
448	-39984.000000	9998.000000	0.700000
449	-40000.000000	10000.000000	0.700000
450	-40000.000000	10000.000000	0.700000
451	-40000.000000	10000.000000	0.700000
452	-40000.000000	10000.000000	0.700000
453	-40000.000000	10000.000000	0.700000
454	-40000.000000	10000.000000	0.700000
455	-40000.000000	10000.000000	0.700000
456	-40000.000000	10000.000000	0.700000
457	-40000.000000	10000.000000	0.700000
458	-40000.000000	10000.000000	0.700000
459	-40000.000000	10000.000000	0.700000
460	-40000.000000	10000.000000	0.700000
461	-40000.000000	10000.000000	0.700000
462	-40000.000000	10000.000000	0.700000
463	-40000.000000	10000.000000	0.700000
464	-40000.000000	10000.000000	0.700000
465	-40000.000000	10000.000000	0.700000
466	-40000.000000	10000.000000	0.700000
467	-39984.000000	9998.000000	0.700000
468	-40000.000000	10000.000000	0.700000
469	-40000.000000	10000.000000	0.700000
470	-40000.000000	10000.000000	0.700000
471	-40000.000000	10000.000000	0.700000
472	-40000.000000	10000.000000	0.700000
473	-40000.000000	10000.000000	0.700000
474	-40000.000000	10000.000000	0.700000
475	-40000.000000	10000.000000	0.700000
476	-40000.000000	10000.000000	0.700000
477	-39984.000000	9998.000000	0.700000
478	-40000.000000	10000.000000	0.700000
479	-40000.000000	10000.000000	0.700000
480	-40000.000000	10000.000000	0.700000
481	-40000.000000	10000.000000	0.700000
482	-40000.000000	10000.000000	0.700000
483	-40000.000000	10000.000000	0.700000
484	-40000.000000	10000.000000	0.700000
485	-40000.000000	10000.000000	0.700000
486	-40000.000000	10000.000000	0.700000
487	-40000.000000	10000.000000	0.700000
488	-40000.000000	10000.000000	0.700000
489	-40000.000000	10000.000000	0.700000
490	-40000.000000	10000.000000	0.700000
491	-40000.000000	10000.000000	0.700000
492	-40000.000000	10000.000000	0.700000
493	-40000.000000	10000.000000	0.700000
494	-40000.000000	10000.000000	0.700000
495	-40000.000000	10000.000000	0.700000
496	-40000.000000	10000.000000	0.700000
497	-40000.000000	10000.000000	0.700000
498	-40000.000000	10000.000000	0.700000
499	-39984.000000	9998.000000	0.700000
500	-40000.000000	10000.000000	0.700000
501	-40000.000000	10000.000000	0.700000
502	-40000.000000	10000.000000	0.700000
503	-40000.000000	10000.000000	0.700000
504	-40000.000000	10000.000000	0.700000
505	-40000.000000	10000.000000	0.700000
506	-40000.000000	10000.000000	0.700000
507	-40000.000000	10000.000000	0.700000
508	-39984.000000	9998.000000	0.700000
509	-40000.000000	10000.000000	0.700000
510	-40000.000000	10000.000000	0.700000
511	-40000.000000	10000.000000	0.700000
512	-40000.000000	10000.000000	0.700000
513	-40000.000000	10000.000000	0.700000
514	-40000.000000	10000.000000	0.700000
515	-40000.000000	10000.000000	0.700000
516	-40000.000000	10000.000000	0.700000
517	-40000.000000	10000.000000	0.700000
518	-40000.000000	10000.000000	0.700000
519	-40000.000000	10000.000000	0.700000
520	-40000.000000	10000.000000	0.700000
521	-40000.000000	10000.000000	0.700000
522	-40000.000000	10000.000000	0.700000
523	-40000.000000	10000.000000	0.700000
524	-40000.000000	10000.000000	0.700000
525	-40000.000000	10000.000000	0.700000
526	-40000.000000	10000.000000	0.700000
527	-40000.000000	10000.000000	0.700000
528	-40000.000000	10000.000000	0.700000
529	-40000.000000	10000.000000	0.700000
530	-40000.000000	10000.000000	0.700000
531	-40000.000000	10000.000000	0.700000
532	-40000.000000	10000.000000	0.700000
533	-39984.000000	9998.000000	0.700000
534	-40000.000000	10000.000000	0.700000
535	-40000.000000	10000.000000	0.700000
536	-40000.000000	10000.000000	0.700000
537	-40000.000000	10000.000000	0.700000
538	-40000.000000	10000.000000	0.700000
539	-40000.000000	10000.000000	0.700000
540	-40000.000000	10000.000000	0.700000
541	-40000.000000	10000.000000	0.700000
542	-40000.000000	10000.000000	0.700000
543	-40000.000000	10000.000000	0.700000
544	-40000.000000	10000.000000	0.700000
545	-40000.000000	10000.000000	0.700000
546	-40000.000000	10000.000000	0.700000
547	-40000.000000	10000.000000	0.700000
548	-40000.000000	10000.000000	0.700000
549	-39984.000000	9998.000000	0.700000
550	-40000.000000	10000.000000	0.700000
551	-40000.000000	10000.000000	0.700000
552	-39984.000000	9998.000000	0.700000
553	-40000.000000	10000.000000	0.700000
554	-39984.000000	9998.000000	0.700000
555	-40000.000000	10000.000000	0.700000
556	-40000.000000	10000.000000	0.700000
557	-40000.000000	10000.000000	0.700000
558	-40000.000000	10000.000000	0.700000
559	-40000.000000	10000.000000	0.700000
560	-40000.000000	10000.000000	0.700000
561	-40000.000000	10000.000000	0.700000
562	-40000.000000	10000.000000	0.700000
563	-40000.000000	10000.000000	0.700000
564	-40000.000000	10000.000000	0.700000
565	-39984.000000	9998.000000	0.700000
566	-40000.000000	10000.000000	0.700000
567	-40000.000000	10000.000000	0.700000
568	-40000.000000	10000.000000	0.700000
569	-40000.000000	10000.000000	0.700000
570	-40000.000000	10000.000000	0.700000
571	-40000.000000	10000.000000	0.700000
572	-40000.000000	10000.000000	0.700000
573	-40000.000000	10000.000000	0.700000
574	-40000.000000	10000.000000	0.700000
575	-40000.000000	10000.000000	0.700000
576	-40000.000000	10000.000000	0.700000
577	-40000.000000	10000.000000	0.700000
578	-40000.000000	10000.000000	0.700000
579	-40000.000000	10000.000000	0.700000
580	-40000.000000	10000.000000	0.700000
581	-40000.000000	10000.000000	0.700000
582	-40000.000000	10000.000000	0.700000
583	-40000.000000	10000.000000	0.700000
584	-39984.000000	9998.000000	0.700000
585	-39984.000000	9998.000000	0.700000
586	-39984.000000	9998.000000	0.700000
587	-39984.000000	9998.000000	0.700000
588	-39984.000000	9998.000000	0.700000
589	-40000.000000	10000.000000	0.700000
590	-40000.000000	10000.000000	0.700000
591	-40000.000000	10000.000000	0.700000
592	-39984.000000	9998.000000	0.700000
593	-40000.000000	10000.000000	0.700000
594	-40000.000000	10000.000000	0.700000
595	-40000.000000	10000.000000	0.700000
596	-40000.000000	10000.000000	0.700000
597	-40000.000000	10000.000000	0.700000
598	-40000.000000	10000.000000	0.700000
599	-40000.000000	10000.000000	0.700000
600	-39984.000000	9998.000000	0.700000
601	-39984.000000	9998.000000	0.700000
602	-40000.000000	10000.000000	0.700000
603	-40000.000000	10000.000000	0.700000
604	-40000.000000	10000.000000	0.700000
605	-40000.000000	10000.000000	0.700000
606	-40000.000000	10000.000000	0.700000
607	-40000.000000	10000.000000	0.700000
608	-40000.000000	10000.000000	0.700000
609	-40000.000000	10000.000000	0.700000
610	-40000.000000	10000.000000	0.700000
611	-40000.000000	10000.000000	0.700000
612	-40000.000000	10000.000000	0.700000
613	-40000.000000	10000.000000	0.700000
614	-40000.000000	10000.000000	0.700000
615	-40000.000000	10000.000000	0.700000
616	-40000.000000	10000.000000	0.700000
617	-40000.000000	10000.000000	0.700000
618	-40000.000000	10000.000000	0.700000
619	-40000.000000	10000.000000	0.700000
620	-40000.000000	10000.000000	0.700000
621	-40000.000000	10000.000000	0.700000
622	-40000.000000	10000.000000	0.700000
623	-40000.000000	10000.000000	0.700000
624	-40000.000000	10000.000000	0.700000
625	-40000.000000	10000.000000	0.700000
626	-39984.000000	9998.000000	0.700000
627	-40000.000000	10000.000000	0.700000
628	-40000.000000	10000.000000	0.700000
629	-40000.000000	10000.000000	0.700000
630	-40000.000000	10000.000000	0.700000
631	-40000.000000	10000.000000	0.700000
632	-40000.000000	10000.000000	0.700000
633	-40000.000000	10000.000000	0.700000
634	-40000.000000	10000.000000	0.700000
635	-40000.000000	10000.000000	0.700000
636	-40000.000000	10000.000000	0.700000
637	-40000.000000	10000.000000	0.700000
638	-40000.000000	10000.000000	0.700000
639	-40000.000000	10000.000000	0.700000
640	-39984.000000	9998.000000	0.700000
641	-40000.000000	10000.000000	0.700000
642	-40000.000000	10000.000000	0.700000
643	-39984.000000	9998.000000	0.700000
644	-39984.000000	9998.000000	0.700000
645	-40000.000000	10000.000000	0.700000
646	-40000.000000	10000.000000	0.700000
647	-40000.000000	10000.000000	0.700000
648	-39984.000000	9998.000000	0.700000
649	-40000.000000	10000.000000	0.700000
650	-40000.000000	10000.000000	0.700000
651	-40000.000000	10000.000000	0.700000
652	-40000.000000	10000.000000	0.700000
653	-40000.000000	10000.000000	0.700000
654	-40000.000000	10000.000000	0.700000
655	-40000.000000	10000.000000	0.700000
656	-40000.000000	10000.000000	0.700000
657	-40000.000000	10000.000000	0.700000
658	-40000.000000	10000.000000	0.700000
659	-40000.000000	10000.000000	0.700000
660	-39984.000000	9998.000000	0.700000
661	-40000.000000	10000.000000	0.700000
662	-40000.000000	10000.000000	0.700000
663	-40000.000000	10000.000000	0.700000
664	-40000.000000	10000.000000	0.700000
665	-40000.000000	10000.000000	0.700000
666	-40000.000000	10000.000000	0.700000
667	-40000.000000	10000.000000	0.700000
668	-40000.000000	10000.000000	0.700000
669	-40000.000000	10000.000000	0.700000
670	-39984.000000	9998.000000	0.700000
671	-39984.000000	9998.000000	0.700000
672	-39984.000000	9998.000000	0.700000
673	-40000.000000	10000.000000	0.700000
674	-40000.000000	10000.000000	0.700000
675	-40000.000000	10000.000000	0.700000
676	-40000.000000	10000.000000	0.700000
677	-40000.000000	10000.000000	0.700000
678	-40000.000000	10000.000000	0.700000
679	-40000.000000	10000.000000	0.700000
680	-40000.000000	10000.000000	0.700000
681	-40000.000000	10000.000000	0.700000
682	-39984.000000	9998.000000	0.700000
683	-39984.000000	9998.000000	0.700000
684	-39984.000000	9998.000000	0.700000
685	-40000.000000	10000.000000	0.700000
686	-40000.000000	10000.000000	0.700000
687	-39984.000000	9998.000000	0.700000
688	-39984.000000	9998.000000	0.700000
689	-40000.000000	10000.000000	0.700000
690	-40000.000000	10000.000000	0.700000
691	-40000.000000	10000.000000	0.700000
692	-40000.000000	10000.000000	0.700000
693	-40000.000000	10000.000000	0.700000
694	-40000.000000	10000.000000	0.700000
695	-40000.000000	10000.000000	0.700000
696	-40000.000000	10000.000000	0.700000
697	-40000.000000	10000.000000	0.700000
698	-40000.000000	10000.000000	0.700000
699	-40000.000000	10000.000000	0.700000
700	-40000.000000	10000.000000	0.700000
701	-40000.000000	10000.000000	0.700000
702	-40000.000000	10000.000000	0.700000
703	-40000.000000	10000.000000	0.700000
704	-40000.000000	10000.000000	0.700000
705	-40000.000000	10000.000000	0.700000
706	-40000.000000	10000.000000	0.700000
707	-40000.000000	10000.000000	0.700000
708	-40000.000000	10000.000000	0.700000
709	-40000.000000	10000.000000	0.700000
710	-40000.000000	10000.000000	0.700000
711	-40000.000000	10000.000000	0.700000
712	-40000.000000	10000.000000	0.700000
713	-40000.000000	10000.000000	0.700000
714	-39984.000000	9998.000000	0.700000
715	-40000.000000	10000.000000	0.700000
716	-40000.000000	10000.000000	0.700000
717	-40000.000000	10000.000000	0.700000
718	-40000.000000	10000.000000	0.700000
719	-40000.000000	10000.000000	0.700000
720	-40000.000000	10000.000000	0.700000
721	-40000.000000	10000.000000	0.700000
722	-40000.000000	10000.000000	0.700000
723	-40000.000000	10000.000000	0.700000
724	-39984.000000	9998.000000	0.700000
725	-40000.000000	10000.000000	0.700000
726	-40000.000000	10000.000000	0.700000
727	-40000.000000	10000.000000	0.700000
728	-40000.000000	10000.000000	0.700000
729	-40000.000000	10000.000000	0.700000
730	-40000.000000	10000.000000	0.700000
731	-40000.000000	10000.000000	0.700000
732	-39984.000000	9998.000000	0.700000
733	-40000.000000	10000.000000	0.700000
734	-40000.000000	10000.000000	0.700000
735	-40000.000000	10000.000000	0.700000
736	-40000.000000	10000.000000	0.700000
737	-40000.000000	10000.000000	0.700000
738	-40000.000000	10000.000000	0.700000
739	-40000.000000	10000.000000	0.700000
740	-40000.000000	10000.000000	0.700000
741	-40000.000000	10000.000000	0.700000
742	-40000.000000	10000.000000	0.700000
743	-40000.000000	10000.000000	0.700000
744	-40000.000000	10000.000000	0.700000
745	-40000.000000	10000.000000	0.700000
746	-40000.000000	10000.000000	0.700000
747	-40000.000000	10000.000000	0.700000
748	-40000.000000	10000.000000	0.700000
749	-40000.000000	10000.000000	0.700000
750	-40000.000000	10000.000000	0.700000
751	-40000.000000	10000.000000	0.700000
752	-40000.000000	10000.000000	0.700000
753	-40000.000000	10000.000000	0.700000
754	-40000.000000	10000.000000	0.700000
755	-39984.000000	9998.000000	0.700000
756	-40000.000000	10000.000000	0.700000
757	-40000.000000	10000.000000	0.700000
758	-40000.000000	10000.000000	0.700000
759	-40000.000000	10000.000000	0.700000
760	-40000.000000	10000.000000	0.700000
761	-40000.000000	10000.000000	0.700000
762	-40000.000000	10000.000000	0.700000
763	-40000.000000	10000.000000	0.700000
764	-40000.000000	10000.000000	0.700000
765	-40000.000000	10000.000000	0.700000
766	-40000.000000	10000.000000	0.700000
767	-40000.000000	10000.000000	0.700000
768	-40000.000000	10000.000000	0.700000
769	-40000.000000	10000.000000	0.700000
770	-40000.000000	10000.000000	0.700000
771	-40000.000000	10000.000000	0.700000
772	-40000.000000	10000.000000	0.700000
773	-40000.000000	10000.000000	0.700000
774	-40000.000000	10000.000000	0.700000
775	-40000.000000	10000.000000	0.700000
776	-40000.000000	10000.000000	0.700000
777	-40000.000000	10000.000000	0.700000
778	-40000.000000	10000.000000	0.700000
779	-40000.000000	10000.000000	0.700000
780	-40000.000000	10000.000000	0.700000
781	-40000.000000	10000.000000	0.700000
782	-39984.000000	9998.000000	0.700000
783	-40000.000000	10000.000000	0.700000
784	-40000.000000	10000.000000	0.700000
785	-40000.000000	10000.000000	0.700000
786	-40000.000000	10000.000000	0.700000
787	-40000.000000	10000.000000	0.700000
788	-40000.000000	10000.000000	0.700000
789	-40000.000000	10000.000000	0.700000
790	-40000.000000	10000.000000	0.700000
791	-39968.000000	9996.000000	0.700000
792	-39968.000000	9996.000000	0.700000
793	-39984.000000	9998.000000	0.700000
794	-40000.000000	10000.000000	0.700000
795	-40000.000000	10000.000000	0.700000
796	-40000.000000	10000.000000	0.700000
797	-40000.000000	10000.000000	0.700000
798	-40000.000000	10000.000000	0.700000
799	-39984.000000	9998.000000	0.700000
800	-40000.000000	10000.000000	0.700000
801	-40000.000000	10000.000000	0.700000
802	-40000.000000	10000.000000	0.700000
803	-40000.000000	10000.000000	0.700000
804	-40000.000000	10000.000000	0.700000
805	-40000.000000	10000.000000	0.700000
806	-40000.000000	10000.000000	0.700000
807	-40000.000000	10000.000000	0.700000
808	-39984.000000	9998.000000	0.700000
809	-40000.000000	10000.000000	0.700000
810	-40000.000000	10000.000000	0.700000
811	-40000.000000	10000.000000	0.700000
812	-39984.000000	9998.000000	0.700000
813	-39984.000000	9998.000000	0.700000
814	-39984.000000	9998.000000	0.700000
815	-40000.000000	10000.000000	0.700000
816	-40000.000000	10000.000000	0.700000
817	-40000.000000	10000.000000	0.700000
818	-40000.000000	10000.000000	0.700000
819	-40000.000000	10000.000000	0.700000
820	-40000.000000	10000.000000	0.700000
821	-39984.000000	9998.000000	0.700000
822	-40000.000000	10000.000000	0.700000
823	-40000.000000	10000.000000	0.700000
824	-40000.000000	10000.000000	0.700000
825	-40000.000000	10000.000000	0.700000
826	-40000.000000	10000.000000	0.700000
827	-40000.000000	10000.000000	0.700000
828	-40000.000000	10000.000000	0.700000
829	-39984.000000	9998.000000	0.700000
830	-39984.000000	9998.000000	0.700000
831	-40000.000000	10000.000000	0.700000
832	-39984.000000	9998.000000	0.700000
833	-40000.000000	10000.000000	0.700000
834	-40000.000000	10000.000000	0.700000
835	-40000.000000	10000.000000	0.700000
836	-40000.000000	10000.000000	0.700000
837	-40000.000000	10000.000000	0.700000
838	-40000.000000	10000.000000	0.700000
839	-40000.000000	10000.000000	0.700000
840	-40000.000000	10000.000000	0.700000
841	-40000.000000	10000.000000	0.700000
842	-40000.000000	10000.000000	0.700000
843	-40000.000000	10000.000000	0.700000
844	-40000.000000	10000.000000	0.700000
845	-40000.000000	10000.000000	0.700000
846	-40000.000000	10000.000000	0.700000
847	-40000.000000	10000.000000	0.700000
848	-40000.000000	10000.000000	0.700000
849	-40000.000000	10000.000000	0.700000
850	-40000.000000	10000.000000	0.700000
851	-40000.000000	10000.000000	0.700000
852	-40000.000000	10000.000000	0.700000
853	-40000.000000	10000.000000	0.700000
854	-40000.000000	10000.000000	0.700000
855	-40000.000000	10000.000000	0.700000
856	-40000.000000	10000.000000	0.700000
857	-40000.000000	10000.000000	0.700000
858	-40000.000000	10000.000000	0.700000
859	-40000.000000	10000.000000	0.700000
860	-40000.000000	10000.000000	0.700000
861	-40000.000000	10000.000000	0.700000
862	-40000.000000	10000.000000	0.700000
863	-40000.000000	10000.000000	0.700000
864	-40000.000000	10000.000000	0.700000
865	-40000.000000	10000.000000	0.700000
866	-40000.000000	10000.000000	0.700000
867	-40000.000000	10000.000000	0.700000
868	-40000.000000	10000.000000	0.700000
869	-40000.000000	10000.000000	0.700000
870	-40000.000000	10000.000000	0.700000
871	-40000.000000	10000.000000	0.700000
872	-40000.000000	10000.000000	0.700000
873	-40000.000000	10000.000000	0.700000
874	-40000.000000	10000.000000	0.700000
875	-40000.000000	10000.000000	0.700000
876	-40000.000000	10000.000000	0.700000
877	-40000.000000	10000.000000	0.700000
878	-40000.000000	10000.000000	0.700000
879	-39984.000000	9998.000000	0.700000
880	-39984.000000	9998.000000	0.700000
881	-40000.000000	10000.000000	0.700000
882	-40000.000000	10000.000000	0.700000
883	-40000.000000	10000.000000	0.700000
884	-40000.000000	10000.000000	0.700000
885	-40000.000000	10000.000000	0.700000
886	-40000.000000	10000.000000	0.700000
887	-39984.000000	9998.000000	0.700000
888	-40000.000000	10000.000000	0.700000
889	-40000.000000	10000.000000	0.700000
890	-40000.000000	10000.000000	0.700000
891	-40000.000000	10000.000000	0.700000
892	-40000.000000	10000.000000	0.700000
893	-40000.000000	10000.000000	0.700000
894	-40000.000000	10000.000000	0.700000
895	-40000.000000	10000.000000	0.700000
896	-40000.000000	10000.000000	0.700000
897	-40000.000000	10000.000000	0.700000
898	-40000.000000	10000.000000	0.700000
899	-40000.000000	10000.000000	0.700000
900	-40000.000000	10000.000000	0.700000
901	-40000.000000	10000.000000	0.700000
902	-39984.000000	9998.000000	0.700000
903	-40000.000000	10000.000000	0.700000
904	-40000.000000	10000.000000	0.700000
905	-40000.000000	10000.000000	0.700000
906	-40000.000000	10000.000000	0.700000
907	-40000.000000	10000.000000	0.700000
908	-40000.000000	10000.000000	0.700000
909	-40000.000000	10000.000000	0.700000
910	-40000.000000	10000.000000	0.700000
911	-40000.000000	10000.000000	0.700000
912	-40000.000000	10000.000000	0.700000
913	-40000.000000	10000.000000	0.700000
914	-39984.000000	9998.000000	0.700000
915	-40000.000000	10000.000000	0.700000
916	-40000.000000	10000.000000	0.700000
917	-40000.000000	10000.000000	0.700000
918	-40000.000000	10000.000000	0.700000
919	-40000.000000	10000.000000	0.700000
920	-40000.000000	10000.000000	0.700000
921	-40000.000000	10000.000000	0.700000
922	-39968.000000	9996.000000	0.700000
923	-40000.000000	10000.000000	0.700000
924	-40000.000000	10000.000000	0.700000
925	-40000.000000	10000.000000	0.700000
926	-40000.000000	10000.000000	0.700000
927	-40000.000000	10000.000000	0.700000
928	-40000.000000	10000.000000	0.700000
929	-40000.000000	10000.000000	0.700000
930	-40000.000000	10000.000000	0.700000
931	-40000.000000	10000.000000	0.700000
932	-40000.000000	10000.000000	0.700000
933	-40000.000000	10000.000000	0.700000
934	-40000.000000	10000.000000	0.700000
935	-40000.000000	10000.000000	0.700000
936	-40000.000000	10000.000000	0.700000
937	-40000.000000	10000.000000	0.700000
938	-40000.000000	10000.000000	0.700000
939	-40000.000000	10000.000000	0.700000
940	-40000.000000	10000.000000	0.700000
941	-40000.000000	10000.000000	0.700000
942	-40000.000000	10000.000000	0.700000
943	-39984.000000	9998.000000	0.700000
944	-39984.000000	9998.000000	0.700000
945	-40000.000000	10000.000000	0.700000
946	-40000.000000	10000.000000	0.700000
947	-39984.000000	9998.000000	0.700000
948	-39984.000000	9998.000000	0.700000
949	-39984.000000	9998.000000	0.700000
950	-39984.000000	9998.000000	0.700000
951	-40000.000000	10000.000000	0.700000
952	-40000.000000	10000.000000	0.700000
953	-40000.000000	10000.000000	0.700000
954	-40000.000000	10000.000000	0.700000
955	-40000.000000	10000.000000	0.700000
956	-40000.000000	10000.000000	0.700000
957	-40000.000000	10000.000000	0.700000
958	-40000.000000	10000.000000	0.700000
959	-40000.000000	10000.000000	0.700000
960	-40000.000000	10000.000000	0.700000
961	-40000.000000	10000.000000	0.700000
962	-40000.000000	10000.000000	0.700000
963	-39984.000000	9998.000000	0.700000
964	-40000.000000	10000.000000	0.700000
965	-40000.000000	10000.000000	0.700000
966	-40000.000000	10000.000000	0.700000
967	-40000.000000	10000.000000	0.700000
968	-40000.000000	10000.000000	0.700000
969	-39984.000000	9998.000000	0.700000
970	-39984.000000	9998.000000	0.700000
971	-40000.000000	10000.000000	0.700000
972	-40000.000000	10000.000000	0.700000
973	-40000.000000	10000.000000	0.700000
974	-40000.000000	10000.000000	0.700000
975	-40000.000000	10000.000000	0.700000
976	-40000.000000	10000.000000	0.700000
977	-40000.000000	10000.000000	0.700000
978	-40000.000000	10000.000000	0.700000
979	-39984.000000	9998.000000	0.700000
980	-39984.000000	9998.000000	0.700000
981	-39984.000000	9998.000000	0.700000
982	-40000.000000	10000.000000	0.700000
983	-40000.000000	10000.000000	0.700000
984	-40000.000000	10000.000000	0.700000
985	-40000.000000	10000.000000	0.700000
986	-40000.000000	10000.000000	0.700000
987	-40000.000000	10000.000000	0.700000
988	-40000.000000	10000.000000	0.700000
989	-40000.000000	10000.000000	0.700000
990	-40000.000000	10000.000000	0.700000
991	-40000.000000	10000.000000	0.700000
992	-40000.000000	10000.000000	0.700000
993	-39984.000000	9998.000000	0.700000
994	-40000.000000	10000.000000	0.700000
995	-40000.000000	10000.000000	0.700000
996	-39984.000000	9998.000000	0.700000
997	-39984.000000	9998.000000	0.700000
998	-40000.000000	10000.000000	0.700000
999	-40000.000000	10000.000000	0.700000
