1372
0.000000 11.969832
0.000000 11.969832
0.000000 11.969832
0.000000	0.000000	0.000000	1.000000
0.854988	0.854988	0.000000	1.000000
0.898309	0.084203	0.931233	1.000000
11.948434	0.912713	0.870263	1.000000
0.000000	0.000000	1.709976	1.000000
0.854988	0.854988	1.709976	1.000000
0.881136	0.000749	2.639755	1.000000
0.092698	0.839368	2.503199	1.000000
11.911230	0.001246	3.345959	1.000000
0.854988	0.854988	3.419952	1.000000
0.854988	0.000000	4.274940	1.000000
0.035211	0.833121	4.310382	1.000000
0.000000	0.000000	5.129927	1.000000
0.854522	0.866587	5.021580	1.000000
0.769783	11.966595	5.899159	1.000000
11.945980	0.820396	6.003080	1.000000
0.000000	0.000000	6.839903	1.000000
0.831471	0.760154	6.937378	1.000000
0.913324	11.955012	7.644468	1.000000
0.000000	0.854988	7.694892	1.000000
0.000000	0.000000	8.549880	1.000000
0.949695	0.767542	8.483476	1.000000
0.832965	11.925668	9.439391	1.000000
0.090179	0.789512	9.397176	1.000000
11.893420	0.045860	10.175425	1.000000
0.956223	0.943117	10.240006	1.000000
0.888914	0.036526	11.074057	1.000000
11.787916	1.025219	11.058414	1.000000
0.000000	1.709976	0.000000	1.000000
0.854988	2.564963	0.000000	1.000000
0.795311	1.719123	0.858338	1.000000
0.000000	2.564963	0.854988	1.000000
11.922364	1.801615	1.652752	1.000000
0.852779	2.470530	1.671860	1.000000
0.854988	1.709976	2.564963	1.000000
0.055303	2.637463	2.607161	1.000000
0.066057	1.743760	3.430505	1.000000
0.854988	2.564963	3.419952	1.000000
0.854988	1.709976	4.274940	1.000000
0.099624	2.616388	4.262361	1.000000
0.000000	1.709976	5.129927	1.000000
0.884041	2.586620	4.956350	1.000000
0.767466	1.638970	5.938701	1.000000
11.917836	2.470859	5.933351	1.000000
0.000000	1.709976	6.839903	1.000000
0.854988	2.564963	6.839903	1.000000
0.918545	1.636443	7.597597	1.000000
0.051498	2.636144	7.774704	1.000000
0.000000	1.709976	8.549880	1.000000
0.854988	2.564963	8.549880	1.000000
0.953296	1.686337	9.343689	1.000000
0.043468	2.640728	9.415554	1.000000
11.912125	1.628531	10.241861	1.000000
0.760918	2.549546	10.224111	1.000000
0.854988	1.709976	11.114843	1.000000
11.886372	2.462464	11.136297	1.000000
0.000000	3.419952	0.000000	1.000000
0.708474	4.096166	0.008043	1.000000
0.756688	3.379974	0.779866	1.000000
0.001689	4.286530	0.949723	1.000000
0.043200	3.454288	1.669340	1.000000
0.970264	4.256381	1.814959	1.000000
0.854988	3.419952	2.564963	1.000000
0.000000	4.274940	2.564963	1.000000
0.015447	3.384418	3.441738	1.000000
0.892416	4.324260	3.454732	1.000000
0.780631	3.489388	4.194733	1.000000
0.021989	4.409680	4.252256	1.000000
0.000000	3.419952	5.129927	1.000000
0.854988	4.274940	5.129927	1.000000
0.873213	3.374609	5.980926	1.000000
11.876683	4.210236	6.007351	1.000000
0.000000	3.419952	6.839903	1.000000
0.806268	4.333994	6.864839	1.000000
0.854988	3.419952	7.694892	1.000000
0.022573	4.436506	7.688816	1.000000
11.881643	3.418859	8.499563	1.000000
0.854988	4.274940	8.549880	1.000000
0.812210	3.392834	9.321168	1.000000
0.000000	4.274940	9.404867	1.000000
11.912945	3.359184	10.296468	1.000000
0.861346	4.259706	10.256744	1.000000
0.892307	3.418355	11.098971	1.000000
0.000000	4.274940	11.114843	1.000000
0.063388	5.181043	0.088605	1.000000
0.899668	6.066821	11.955227	1.000000
0.854988	5.129927	0.854988	1.000000
0.000000	5.984915	0.854988	1.000000
0.000000	5.129927	1.709976	1.000000
0.835256	5.971008	1.739688	1.000000
0.974298	5.205801	2.539375	1.000000
0.000000	5.984915	2.564963	1.000000
0.074126	5.183471	3.485002	1.000000
0.926345	5.954514	3.338532	1.000000
0.921209	5.223226	4.340375	1.000000
11.969159	6.017362	4.309209	1.000000
11.810974	5.241994	5.067298	1.000000
0.814484	6.012653	5.035335	1.000000
0.748238	5.154836	5.979213	1.000000
11.915383	6.164887	5.954547	1.000000
0.011852	5.188002	6.922882	1.000000
0.783485	6.041518	6.795897	1.000000
0.900842	5.135148	7.620645	1.000000
0.000000	5.984915	7.694892	1.000000
0.000000	5.129927	8.549880	1.000000
0.854988	5.984915	8.549880	1.000000
1.014788	5.184419	9.485816	1.000000
0.041778	5.996272	9.322626	1.000000
0.000000	5.129927	10.259855	1.000000
0.854988	5.984915	10.259855	1.000000
0.854988	5.129927	11.114843	1.000000
0.081393	6.053836	11.112201	1.000000
0.000000	6.839903	0.000000	1.000000
0.854988	7.694892	0.000000	1.000000
0.850197	6.882845	0.930573	1.000000
0.024522	7.775533	0.830806	1.000000
0.003393	6.890219	1.635647	1.000000
0.771842	7.651479	1.635380	1.000000
0.831551	6.758577	2.650447	1.000000
11.956466	7.699855	2.496925	1.000000
0.029968	6.903790	3.467266	1.000000
0.854988	7.694892	3.419952	1.000000
0.919983	6.920484	4.330398	1.000000
0.000000	7.694892	4.274940	1.000000
0.000000	6.839903	5.129927	1.000000
0.848913	7.689889	5.195122	1.000000
0.791993	6.889961	5.936163	1.000000
0.003337	7.711078	6.004906	1.000000
0.011095	6.886510	6.818760	1.000000
0.854988	7.694892	6.839903	1.000000
0.867340	6.753753	7.869175	1.000000
0.013347	7.834502	7.611314	1.000000
0.079041	6.865604	8.588376	1.000000
0.759371	7.689035	8.583474	1.000000
0.854988	6.839903	9.404867	1.000000
0.052757	7.794798	9.431327	1.000000
11.849118	6.860577	10.285881	1.000000
0.854988	7.694892	10.259855	1.000000
0.914843	6.825790	11.031432	1.000000
0.078320	7.714753	11.202375	1.000000
11.895246	8.626978	0.028177	1.000000
0.900178	9.337440	0.093345	1.000000
0.918353	8.647891	0.795187	1.000000
0.000000	9.404867	0.854988	1.000000
0.000000	8.549880	1.709976	1.000000
0.854988	9.404867	1.709976	1.000000
0.784169	8.553079	2.584608	1.000000
11.786028	9.405182	2.666657	1.000000
0.000000	8.549880	3.419952	1.000000
0.732053	9.597531	3.271485	1.000000
0.854988	8.549880	4.274940	1.000000
0.000000	9.404867	4.274940	1.000000
0.000000	8.549880	5.129927	1.000000
0.856784	9.353334	5.238937	1.000000
0.848483	8.610557	5.989242	1.000000
11.899513	9.342971	5.956254	1.000000
0.000000	8.549880	6.839903	1.000000
0.896203	9.367112	6.909903	1.000000
0.787110	8.599465	7.624266	1.000000
11.916805	9.471157	7.698788	1.000000
0.149661	8.636316	8.460101	1.000000
0.854988	9.404867	8.549880	1.000000
0.854988	8.549880	9.404867	1.000000
0.000000	9.404867	9.404867	1.000000
0.095696	8.453591	10.362142	1.000000
0.914708	9.428373	10.242257	1.000000
0.854988	8.549880	11.114843	1.000000
0.000000	9.404867	11.114843	1.000000
11.893203	10.205186	11.904228	1.000000
0.854988	11.114843	0.000000	1.000000
0.854988	10.259855	0.854988	1.000000
0.082353	11.096172	0.762297	1.000000
0.141570	10.192673	1.840186	1.000000
0.909617	11.154473	1.744944	1.000000
0.854988	10.259855	2.564963	1.000000
0.065795	11.034188	2.609924	1.000000
0.019691	10.335256	3.428425	1.000000
0.854988	11.114843	3.419952	1.000000
0.856146	10.348997	4.362664	1.000000
0.097896	11.181269	4.235332	1.000000
11.904797	10.269869	5.160440	1.000000
0.854988	11.114843	5.129927	1.000000
0.774256	10.444411	5.902982	1.000000
0.000000	11.114843	5.984915	1.000000
0.057937	10.240602	6.835794	1.000000
0.834699	11.155087	6.827369	1.000000
0.854988	10.259855	7.694892	1.000000
0.000000	11.114843	7.694892	1.000000
0.061902	10.354059	8.559161	1.000000
0.767258	11.218079	8.524942	1.000000
0.854988	10.259855	9.404867	1.000000
0.000000	11.114843	9.404867	1.000000
0.000000	10.259855	10.259855	1.000000
0.854988	11.114843	10.259855	1.000000
0.854988	10.259855	11.114843	1.000000
11.880415	11.074021	11.179263	1.000000
1.858325	11.934911	11.963401	1.000000
2.564963	0.854988	0.000000	1.000000
2.704066	0.083033	0.877825	1.000000
1.642082	0.813693	0.907104	1.000000
1.598336	0.010191	1.734433	1.000000
2.600900	0.745471	1.662547	1.000000
2.564963	0.000000	2.564963	1.000000
1.736379	0.945050	2.502398	1.000000
1.757387	0.057626	3.426155	1.000000
2.564963	0.854988	3.419952	1.000000
2.498277	11.930488	4.287868	1.000000
1.709976	0.854988	4.274940	1.000000
1.760075	11.934787	5.074753	1.000000
2.516789	0.803114	5.148085	1.000000
2.564963	0.000000	5.984915	1.000000
1.709976	0.854988	5.984915	1.000000
1.709976	0.000000	6.839903	1.000000
2.514103	0.841195	6.817830	1.000000
2.570012	0.001682	7.701903	1.000000
1.709976	0.854988	7.694892	1.000000
1.686558	0.006386	8.581079	1.000000
2.564963	0.854988	8.549880	1.000000
2.564963	0.000000	9.404867	1.000000
1.641150	0.815223	9.363591	1.000000
1.685703	0.031654	10.161454	1.000000
2.564963	0.854988	10.259855	1.000000
2.600283	11.944054	11.161688	1.000000
1.709976	0.854988	11.114843	1.000000
1.709976	1.709976	0.000000	1.000000
2.576727	2.520173	0.045419	1.000000
2.693303	1.676364	0.994680	1.000000
1.709976	2.564963	0.854988	1.000000
1.648683	1.595058	1.786348	1.000000
2.621220	2.547134	1.775170	1.000000
2.564963	1.709976	2.564963	1.000000
1.709976	2.564963	2.564963	1.000000
1.660161	1.611018	3.476294	1.000000
2.564963	2.564963	3.419952	1.000000
2.476861	1.672963	4.352637	1.000000
1.709976	2.564963	4.274940	1.000000
1.648935	1.650659	5.219875	1.000000
2.564963	2.564963	5.129927	1.000000
2.564963	1.709976	5.984915	1.000000
1.709976	2.564963	5.984915	1.000000
1.709976	1.709976	6.839903	1.000000
2.564963	2.564963	6.839903	1.000000
2.548585	1.786940	7.573358	1.000000
1.794477	2.591091	7.716252	1.000000
1.709976	1.709976	8.549880	1.000000
2.564963	2.564963	8.549880	1.000000
2.564963	1.709976	9.404867	1.000000
1.849524	2.637657	9.389085	1.000000
1.704999	1.686583	10.346273	1.000000
2.564963	2.564963	10.259855	1.000000
2.493049	1.701884	10.943976	1.000000
1.775806	2.477031	11.065304	1.000000
1.709976	3.419952	0.000000	1.000000
2.564963	4.274940	0.000000	1.000000
2.564963	3.419952	0.854988	1.000000
1.708517	4.181493	0.847954	1.000000
1.642458	3.368994	1.634173	1.000000
2.564963	4.274940	1.709976	1.000000
2.564963	3.419952	2.564963	1.000000
1.709976	4.274940	2.564963	1.000000
1.709976	3.419952	3.419952	1.000000
2.564963	4.274940	3.419952	1.000000
2.597641	3.427486	4.258397	1.000000
1.709976	4.274940	4.274940	1.000000
1.730979	3.414959	5.200126	1.000000
2.564963	4.274940	5.129927	1.000000
2.486742	3.510946	5.917868	1.000000
1.634572	4.290641	5.928285	1.000000
1.709976	3.419952	6.839903	1.000000
2.592692	4.198162	6.801289	1.000000
2.603540	3.433549	7.613287	1.000000
1.714600	4.178707	7.712653	1.000000
1.709976	3.419952	8.549880	1.000000
2.564963	4.274940	8.549880	1.000000
2.564963	3.419952	9.404867	1.000000
1.610470	4.314262	9.376691	1.000000
1.699916	3.388744	10.295465	1.000000
2.564963	4.274940	10.259855	1.000000
2.484369	3.374741	11.183365	1.000000
1.774188	4.227030	11.067710	1.000000
1.695285	5.129421	11.915924	1.000000
2.564963	5.984915	0.000000	1.000000
2.564963	5.129927	0.854988	1.000000
1.635713	5.925620	0.899922	1.000000
1.709976	5.129927	1.709976	1.000000
2.564963	5.984915	1.709976	1.000000
2.524288	5.143333	2.660721	1.000000
1.793020	5.901469	2.509371	1.000000
1.797390	5.066762	3.356725	1.000000
2.487136	5.861351	3.458655	1.000000
2.589716	5.156745	4.300120	1.000000
1.709976	5.984915	4.274940	1.000000
1.709976	5.129927	5.129927	1.000000
2.540000	6.066890	5.078863	1.000000
2.564963	5.129927	5.984915	1.000000
1.727164	5.972746	6.067673	1.000000
1.709976	5.129927	6.839903	1.000000
2.592993	5.886448	6.859650	1.000000
2.564963	5.129927	7.694892	1.000000
1.596882	6.064210	7.731307	1.000000
1.558621	5.181247	8.553621	1.000000
2.564963	5.984915	8.549880	1.000000
2.559556	5.043950	9.351083	1.000000
1.677472	5.983047	9.347513	1.000000
1.709976	5.129927	10.259855	1.000000
2.564963	5.984915	10.259855	1.000000
2.564963	5.129927	11.114843	1.000000
1.754014	6.011362	10.963879	1.000000
1.709976	6.839903	0.000000	1.000000
2.564963	7.694892	0.000000	1.000000
2.564963	6.839903	0.854988	1.000000
1.827270	7.757028	0.916073	1.000000
1.709976	6.839903	1.709976	1.000000
2.512216	7.627777	1.674954	1.000000
2.534407	6.663055	2.555656	1.000000
1.738743	7.685963	2.560173	1.000000
1.734464	6.708018	3.400757	1.000000
2.544860	7.617655	3.511849	1.000000
2.556388	6.926107	4.235150	1.000000
1.706814	7.633694	4.281607	1.000000
1.709976	6.839903	5.129927	1.000000
2.564963	7.694892	5.129927	1.000000
2.564963	6.839903	5.984915	1.000000
1.791488	7.624236	5.962123	1.000000
1.714106	6.872486	6.771166	1.000000
2.564963	7.694892	6.839903	1.000000
2.508020	6.926668	7.700964	1.000000
1.709976	7.694892	7.694892	1.000000
1.709976	6.839903	8.549880	1.000000
2.504412	7.722965	8.616741	1.000000
2.619494	6.907206	9.425448	1.000000
1.726908	7.684282	9.382701	1.000000
1.772345	6.894134	10.299427	1.000000
2.452817	7.579915	10.177575	1.000000
2.564963	6.839903	11.114843	1.000000
1.709976	7.694892	11.114843	1.000000
1.671000	8.542682	11.937388	1.000000
2.583132	9.395745	0.057548	1.000000
2.564963	8.549880	0.854988	1.000000
1.709976	9.404867	0.854988	1.000000
1.756879	8.554648	1.617018	1.000000
2.564963	9.404867	1.709976	1.000000
2.640376	8.493192	2.638793	1.000000
1.709976	9.404867	2.564963	1.000000
1.725378	8.593617	3.355872	1.000000
2.564963	9.404867	3.419952	1.000000
2.605347	8.579828	4.332450	1.000000
1.709976	9.404867	4.274940	1.000000
1.748775	8.615487	5.048573	1.000000
2.581232	9.408563	5.083191	1.000000
2.601747	8.671133	5.988063	1.000000
1.569436	9.433735	5.928705	1.000000
1.767543	8.515736	6.858979	1.000000
2.564963	9.404867	6.839903	1.000000
2.431929	8.601054	7.759210	1.000000
1.723401	9.501215	7.663868	1.000000
1.764808	8.605327	8.646921	1.000000
2.564963	9.404867	8.549880	1.000000
2.564963	8.549880	9.404867	1.000000
1.631287	9.393262	9.556457	1.000000
1.759877	8.527009	10.244564	1.000000
2.564963	9.404867	10.259855	1.000000
2.564963	8.549880	11.114843	1.000000
1.737020	9.505965	11.236966	1.000000
1.661069	10.286079	11.932692	1.000000
2.564963	11.114843	0.000000	1.000000
2.472246	10.168833	0.832571	1.000000
1.701691	11.254533	0.840603	1.000000
1.682569	10.263095	1.672369	1.000000
2.616120	11.084371	1.668656	1.000000
2.494600	10.200209	2.549267	1.000000
1.709976	11.114843	2.564963	1.000000
1.673393	10.288185	3.506276	1.000000
2.500931	11.155969	3.395142	1.000000
2.564963	10.259855	4.274940	1.000000
1.713134	11.120208	4.297684	1.000000
1.739529	10.256545	5.170621	1.000000
2.564963	11.114843	5.129927	1.000000
2.564963	10.259855	5.984915	1.000000
1.709976	11.114843	5.984915	1.000000
1.709976	10.259855	6.839903	1.000000
2.564963	11.114843	6.839903	1.000000
2.564963	10.259855	7.694892	1.000000
1.709976	11.114843	7.694892	1.000000
1.717452	10.321557	8.562143	1.000000
2.564963	11.114843	8.549880	1.000000
2.554573	10.163535	9.498184	1.000000
1.711866	11.124899	9.491320	1.000000
1.763089	10.213615	10.220432	1.000000
2.571793	11.127820	10.271821	1.000000
2.591654	10.180721	11.018549	1.000000
1.709976	11.114843	11.114843	1.000000
3.402592	0.010661	11.948045	1.000000
4.238491	0.963105	11.801144	1.000000
4.383465	11.914370	0.880561	1.000000
3.365823	0.860337	0.918449	1.000000
3.419952	0.000000	1.709976	1.000000
4.274940	0.854988	1.709976	1.000000
4.274940	0.000000	2.564963	1.000000
3.397746	0.966451	2.466695	1.000000
3.576920	0.027365	3.299076	1.000000
4.274940	0.854988	3.419952	1.000000
4.358475	11.952162	4.221143	1.000000
3.419952	0.854988	4.274940	1.000000
3.419952	0.000000	5.129927	1.000000
4.427044	0.862708	5.125469	1.000000
4.239089	11.932258	5.870808	1.000000
3.451770	0.929551	5.910238	1.000000
3.402212	11.915677	6.803724	1.000000
4.274940	0.854988	6.839903	1.000000
4.330401	11.919614	7.668296	1.000000
3.444769	0.902880	7.765775	1.000000
3.368343	11.942822	8.452654	1.000000
4.274940	0.854988	8.549880	1.000000
4.323901	11.963735	9.453642	1.000000
3.419952	0.854988	9.404867	1.000000
3.419952	0.000000	10.259855	1.000000
4.319249	0.872183	10.219272	1.000000
4.274940	0.000000	11.114843	1.000000
3.419952	0.854988	11.114843	1.000000
3.370450	1.801451	0.031505	1.000000
4.274940	2.564963	0.000000	1.000000
4.274940	1.709976	0.854988	1.000000
3.353187	2.519462	0.786253	1.000000
3.493533	1.713643	1.800502	1.000000
4.274940	2.564963	1.709976	1.000000
4.358742	1.697044	2.466210	1.000000
3.419952	2.564963	2.564963	1.000000
3.395901	1.618868	3.460376	1.000000
4.267450	2.633413	3.440612	1.000000
4.274940	1.709976	4.274940	1.000000
3.419952	2.564963	4.274940	1.000000
3.419952	1.709976	5.129927	1.000000
4.262413	2.582025	5.168739	1.000000
4.274940	1.709976	5.984915	1.000000
3.423936	2.528665	5.976129	1.000000
3.419952	1.709976	6.839903	1.000000
4.274940	2.564963	6.839903	1.000000
4.274940	1.709976	7.694892	1.000000
3.470990	2.494159	7.704876	1.000000
3.419952	1.709976	8.549880	1.000000
4.274940	2.564963	8.549880	1.000000
4.295009	1.692749	9.482658	1.000000
3.363474	2.475432	9.484379	1.000000
3.354997	1.720507	10.350774	1.000000
4.274940	2.564963	10.259855	1.000000
4.149869	1.751335	11.025042	1.000000
3.419952	2.564963	11.114843	1.000000
3.419952	3.419952	0.000000	1.000000
4.295949	4.268322	11.893439	1.000000
4.244416	3.415475	0.849094	1.000000
3.419952	4.274940	0.854988	1.000000
3.460643	3.450576	1.568731	1.000000
4.274940	4.274940	1.709976	1.000000
4.409083	3.276095	2.541562	1.000000
3.419952	4.274940	2.564963	1.000000
3.419952	3.419952	3.419952	1.000000
4.274940	4.274940	3.419952	1.000000
4.197651	3.512342	4.225821	1.000000
3.419952	4.274940	4.274940	1.000000
3.512275	3.363735	5.196052	1.000000
4.247501	4.432762	5.117726	1.000000
4.274940	3.419952	5.984915	1.000000
3.504424	4.181397	5.983325	1.000000
3.332334	3.371714	6.933881	1.000000
4.365060	4.317208	6.819456	1.000000
4.274940	3.419952	7.694892	1.000000
3.419952	4.274940	7.694892	1.000000
3.439046	3.402645	8.539391	1.000000
4.274940	4.274940	8.549880	1.000000
4.272506	3.461151	9.362523	1.000000
3.429415	4.199673	9.379850	1.000000
3.419952	3.419952	10.259855	1.000000
4.223322	4.303552	10.348289	1.000000
4.274940	3.419952	11.114843	1.000000
3.419952	4.274940	11.114843	1.000000
3.447203	5.099721	11.896089	1.000000
4.274940	5.984915	0.000000	1.000000
4.274940	5.129927	0.854988	1.000000
3.419952	5.984915	0.854988	1.000000
3.283875	4.969458	1.759878	1.000000
4.274940	5.984915	1.709976	1.000000
4.323168	5.065021	2.558597	1.000000
3.389982	5.794730	2.473423	1.000000
3.419952	5.129927	3.419952	1.000000
4.308634	5.920926	3.402202	1.000000
4.244431	5.101248	4.183527	1.000000
3.419952	5.984915	4.274940	1.000000
3.419952	5.129927	5.129927	1.000000
4.274940	5.984915	5.129927	1.000000
4.274940	5.129927	5.984915	1.000000
3.419952	5.984915	5.984915	1.000000
3.410761	5.058303	6.818066	1.000000
4.279739	5.972707	6.885302	1.000000
4.352111	5.246873	7.644552	1.000000
3.388958	6.015642	7.741086	1.000000
3.500975	5.077335	8.577641	1.000000
4.274940	5.984915	8.549880	1.000000
4.268021	5.048165	9.423916	1.000000
3.409029	5.907175	9.480078	1.000000
3.419952	5.129927	10.259855	1.000000
4.354963	6.041887	10.222809	1.000000
4.274940	5.129927	11.114843	1.000000
3.419952	5.984915	11.114843	1.000000
3.416126	6.825141	0.010617	1.000000
4.341866	7.687863	11.830168	1.000000
4.363244	6.826601	0.914282	1.000000
3.448779	7.624154	0.779173	1.000000
3.430800	6.765170	1.742594	1.000000
4.274940	7.694892	1.709976	1.000000
4.291339	6.938791	2.488317	1.000000
3.419952	7.694892	2.564963	1.000000
3.481628	6.856968	3.509252	1.000000
4.274940	7.694892	3.419952	1.000000
4.287382	6.923272	4.302749	1.000000
3.447043	7.684755	4.273643	1.000000
3.355070	6.844783	5.175245	1.000000
4.274940	7.694892	5.129927	1.000000
4.268273	6.741250	5.897939	1.000000
3.479265	7.690460	6.016258	1.000000
3.438895	6.905207	6.787277	1.000000
4.328197	7.716607	6.812354	1.000000
4.274940	6.839903	7.694892	1.000000
3.322896	7.732113	7.666026	1.000000
3.429667	6.911737	8.581107	1.000000
4.226885	7.732236	8.556655	1.000000
4.371100	6.867463	9.350640	1.000000
3.419952	7.694892	9.404867	1.000000
3.419952	6.839903	10.259855	1.000000
4.274940	7.694892	10.259855	1.000000
4.233609	6.806751	11.101240	1.000000
3.446357	7.791714	11.144349	1.000000
3.419952	8.549880	0.000000	1.000000
4.274940	9.404867	0.000000	1.000000
4.348052	8.514429	0.819799	1.000000
3.354488	9.420008	0.948986	1.000000
3.515964	8.526326	1.787810	1.000000
4.360489	9.476633	1.781072	1.000000
4.288883	8.472314	2.578611	1.000000
3.419952	9.404867	2.564963	1.000000
3.492118	8.433609	3.418741	1.000000
4.368115	9.421855	3.536297	1.000000
4.220974	8.585166	4.300977	1.000000
3.413889	9.497556	4.307851	1.000000
3.516600	8.619253	5.066663	1.000000
4.282862	9.293327	5.213901	1.000000
4.274940	8.549880	5.984915	1.000000
3.419952	9.404867	5.984915	1.000000
3.408469	8.600433	6.782175	1.000000
4.183141	9.422277	6.860541	1.000000
4.274940	8.549880	7.694892	1.000000
3.409658	9.347281	7.763493	1.000000
3.388138	8.560284	8.507739	1.000000
4.315504	9.498337	8.645714	1.000000
4.133139	8.575511	9.399808	1.000000
3.499850	9.357091	9.396062	1.000000
3.444040	8.575218	10.265767	1.000000
4.228010	9.350808	10.340352	1.000000
4.274940	8.549880	11.114843	1.000000
3.447175	9.409016	11.159152	1.000000
3.434521	10.309230	0.061280	1.000000
4.098304	11.216382	0.073923	1.000000
4.274940	10.259855	0.854988	1.000000
3.470436	11.219860	0.905658	1.000000
3.460608	10.226496	1.683101	1.000000
4.319855	11.184425	1.789033	1.000000
4.338490	10.267143	2.470201	1.000000
3.500359	11.077751	2.653218	1.000000
3.408579	10.351880	3.392236	1.000000
4.263912	11.129186	3.325874	1.000000
4.274940	10.259855	4.274940	1.000000
3.424044	11.080321	4.294352	1.000000
3.419952	10.259855	5.129927	1.000000
4.274940	11.114843	5.129927	1.000000
4.241615	10.249111	6.059788	1.000000
3.419400	11.025835	6.022306	1.000000
3.463487	10.294984	6.876589	1.000000
4.188445	11.116429	6.755662	1.000000
4.274940	10.259855	7.694892	1.000000
3.419952	11.114843	7.694892	1.000000
3.331785	10.347653	8.569879	1.000000
4.229432	11.089866	8.451685	1.000000
4.274940	10.259855	9.404867	1.000000
3.419952	11.114843	9.404867	1.000000
3.491758	10.161101	10.289958	1.000000
4.274940	11.114843	10.259855	1.000000
4.274940	10.259855	11.114843	1.000000
3.418357	11.056722	11.185319	1.000000
4.852555	0.127703	11.895525	1.000000
5.939750	0.755458	11.936626	1.000000
5.948662	11.953482	0.942095	1.000000
5.035920	0.770676	0.945575	1.000000
5.078206	0.088269	1.647579	1.000000
6.037840	0.811309	1.765368	1.000000
5.983067	0.049874	2.524456	1.000000
5.129927	0.854988	2.564963	1.000000
5.217930	0.067668	3.466967	1.000000
5.984915	0.854988	3.419952	1.000000
5.977699	0.078324	4.270925	1.000000
5.129927	0.854988	4.274940	1.000000
5.129927	0.000000	5.129927	1.000000
5.943290	0.949511	5.160899	1.000000
5.900292	11.847787	5.898118	1.000000
5.129927	0.854988	5.984915	1.000000
5.068117	0.022970	6.814085	1.000000
6.052908	0.823738	6.849652	1.000000
5.898102	0.060486	7.724819	1.000000
5.104542	0.801703	7.655503	1.000000
5.030424	11.918724	8.457094	1.000000
5.984915	0.854988	8.549880	1.000000
5.984915	0.000000	9.404867	1.000000
5.043791	0.850059	9.379161	1.000000
5.129927	0.000000	10.259855	1.000000
6.038689	0.788848	10.338020	1.000000
6.058427	0.054479	11.182129	1.000000
5.129927	0.854988	11.114843	1.000000
5.041113	1.700725	0.016562	1.000000
5.877983	2.595002	11.968037	1.000000
5.899554	1.619951	0.837385	1.000000
5.046988	2.544905	0.901441	1.000000
5.048459	1.692197	1.696092	1.000000
5.984915	2.564963	1.709976	1.000000
5.984915	1.709976	2.564963	1.000000
5.129927	2.564963	2.564963	1.000000
5.129927	1.709976	3.419952	1.000000
6.090160	2.640247	3.326352	1.000000
5.891678	1.620707	4.279945	1.000000
5.113573	2.515728	4.242076	1.000000
5.106964	1.780029	5.116846	1.000000
5.889377	2.507105	5.091760	1.000000
5.984915	1.709976	5.984915	1.000000
5.129927	2.564963	5.984915	1.000000
5.082268	1.622073	6.913427	1.000000
6.013749	2.644676	6.772125	1.000000
6.114918	1.652814	7.701670	1.000000
5.066732	2.574583	7.623347	1.000000
5.129927	1.709976	8.549880	1.000000
6.027609	2.446290	8.523615	1.000000
6.058062	1.840407	9.376299	1.000000
5.207959	2.631267	9.481731	1.000000
5.098410	1.626582	10.344909	1.000000
5.995813	2.578141	10.208482	1.000000
5.984915	1.709976	11.114843	1.000000
5.129927	2.564963	11.114843	1.000000
5.129927	3.419952	0.000000	1.000000
5.984915	4.274940	0.000000	1.000000
5.984915	3.419952	0.854988	1.000000
5.129927	4.274940	0.854988	1.000000
5.132615	3.484841	1.783106	1.000000
5.984915	4.274940	1.709976	1.000000
5.984915	3.419952	2.564963	1.000000
5.119927	4.325059	2.517504	1.000000
5.129927	3.419952	3.419952	1.000000
5.984915	4.274940	3.419952	1.000000
5.984915	3.419952	4.274940	1.000000
5.214250	4.307227	4.271543	1.000000
5.155267	3.430434	5.040911	1.000000
6.099897	4.292158	5.161799	1.000000
6.041833	3.418703	5.902076	1.000000
5.129927	4.274940	5.984915	1.000000
5.221047	3.465275	6.923754	1.000000
5.984915	4.274940	6.839903	1.000000
6.121366	3.465548	7.683156	1.000000
5.188569	4.246274	7.803124	1.000000
5.129927	3.419952	8.549880	1.000000
6.050361	4.175741	8.595865	1.000000
5.984915	3.419952	9.404867	1.000000
5.212418	4.296396	9.455507	1.000000
5.129927	3.419952	10.259855	1.000000
5.984915	4.274940	10.259855	1.000000
6.000772	3.461360	11.137047	1.000000
5.129927	4.274940	11.114843	1.000000
5.129927	5.129927	0.000000	1.000000
5.905178	6.045672	0.055141	1.000000
5.984915	5.129927	0.854988	1.000000
5.079006	5.977835	0.916729	1.000000
5.165516	5.127705	1.674337	1.000000
5.981481	6.021950	1.761765	1.000000
6.016723	5.111568	2.516028	1.000000
5.129927	5.984915	2.564963	1.000000
5.052954	5.163342	3.346856	1.000000
5.984915	5.984915	3.419952	1.000000
5.984915	5.129927	4.274940	1.000000
5.129927	5.984915	4.274940	1.000000
5.170993	5.118552	5.168448	1.000000
5.981435	5.899559	4.973951	1.000000
5.946262	5.056273	6.018849	1.000000
5.041608	6.132692	6.006135	1.000000
5.129927	5.129927	6.839903	1.000000
5.990340	5.888647	6.784315	1.000000
6.122327	5.168453	7.532800	1.000000
5.129927	5.984915	7.694892	1.000000
5.129927	5.129927	8.549880	1.000000
5.984915	5.984915	8.549880	1.000000
5.984915	5.129927	9.404867	1.000000
5.129927	5.984915	9.404867	1.000000
5.129927	5.129927	10.259855	1.000000
5.984915	5.984915	10.259855	1.000000
5.906836	5.089150	11.016682	1.000000
5.129927	5.984915	11.114843	1.000000
5.129927	6.839903	0.000000	1.000000
5.984915	7.694892	0.000000	1.000000
5.984915	6.839903	0.854988	1.000000
5.191477	7.664033	0.893659	1.000000
5.129927	6.839903	1.709976	1.000000
6.020391	7.637379	1.799385	1.000000
5.984915	6.839903	2.564963	1.000000
5.210819	7.608404	2.472587	1.000000
5.084233	6.797594	3.409688	1.000000
5.984915	7.694892	3.419952	1.000000
5.984915	6.839903	4.274940	1.000000
5.228340	7.783640	4.277883	1.000000
5.129927	6.839903	5.129927	1.000000
6.031486	7.627561	5.042580	1.000000
6.034080	6.887900	5.975713	1.000000
5.129927	7.694892	5.984915	1.000000
5.094285	6.945528	6.786758	1.000000
5.976166	7.616817	6.880276	1.000000
6.020695	6.894440	7.709233	1.000000
5.079899	7.753309	7.733268	1.000000
5.129927	6.839903	8.549880	1.000000
5.912323	7.751164	8.450619	1.000000
5.984915	6.839903	9.404867	1.000000
5.101822	7.646841	9.343457	1.000000
5.094947	6.791899	10.186280	1.000000
5.984915	7.694892	10.259855	1.000000
5.984915	6.839903	11.114843	1.000000
5.129927	7.694892	11.114843	1.000000
5.226423	8.628778	11.968572	1.000000
6.148006	9.307081	11.922604	1.000000
5.984915	8.549880	0.854988	1.000000
5.129927	9.404867	0.854988	1.000000
5.239014	8.558451	1.629253	1.000000
6.049240	9.384330	1.767180	1.000000
5.984915	8.549880	2.564963	1.000000
5.148602	9.392948	2.578894	1.000000
5.129927	8.549880	3.419952	1.000000
5.984915	9.404867	3.419952	1.000000
5.984915	8.549880	4.274940	1.000000
5.129927	9.404867	4.274940	1.000000
5.171762	8.529422	5.094022	1.000000
5.898413	9.265889	5.157532	1.000000
5.894772	8.645303	5.935834	1.000000
5.129927	9.404867	5.984915	1.000000
5.142889	8.467253	6.756599	1.000000
6.045558	9.490657	6.813215	1.000000
5.984915	8.549880	7.694892	1.000000
5.168314	9.328508	7.722039	1.000000
5.163462	8.552597	8.610407	1.000000
5.984915	9.404867	8.549880	1.000000
5.984915	8.549880	9.404867	1.000000
5.129927	9.404867	9.404867	1.000000
5.178602	8.593607	10.302500	1.000000
5.909309	9.390214	10.239735	1.000000
6.049263	8.614539	11.075629	1.000000
5.129927	9.404867	11.114843	1.000000
5.129927	10.259855	0.000000	1.000000
5.996903	11.199707	11.931897	1.000000
6.041814	10.317981	0.913200	1.000000
5.129927	11.114843	0.854988	1.000000
5.129927	10.259855	1.709976	1.000000
5.929003	11.142796	1.686560	1.000000
5.984915	10.259855	2.564963	1.000000
5.097324	11.136367	2.466459	1.000000
5.214884	10.159873	3.507119	1.000000
5.984915	11.114843	3.419952	1.000000
6.074685	10.226576	4.230869	1.000000
5.129927	11.114843	4.274940	1.000000
5.226926	10.198653	5.191063	1.000000
5.919119	11.110284	5.207802	1.000000
5.984915	10.259855	5.984915	1.000000
5.077445	11.115050	6.032751	1.000000
5.145031	10.308011	6.903781	1.000000
5.984915	11.114843	6.839903	1.000000
6.124416	10.401652	7.581388	1.000000
5.288427	11.045107	7.664573	1.000000
5.050074	10.314490	8.497703	1.000000
5.999011	11.145393	8.529761	1.000000
5.984915	10.259855	9.404867	1.000000
4.983126	11.061103	9.389753	1.000000
5.162715	10.224345	10.224824	1.000000
6.048693	11.099324	10.329074	1.000000
5.843782	10.184789	11.086695	1.000000
5.095161	11.123937	11.189270	1.000000
6.764332	0.096151	11.954265	1.000000
7.694892	0.854988	0.000000	1.000000
7.694892	0.000000	0.854988	1.000000
6.839903	0.854988	0.854988	1.000000
7.007276	0.038154	1.773879	1.000000
7.694892	0.854988	1.709976	1.000000
7.772245	11.892792	2.595573	1.000000
6.839903	0.854988	2.564963	1.000000
6.839903	0.000000	3.419952	1.000000
7.632514	0.923523	3.413323	1.000000
7.694892	0.000000	4.274940	1.000000
6.839903	0.854988	4.274940	1.000000
6.839903	0.000000	5.129927	1.000000
7.687888	0.798759	5.225078	1.000000
7.694892	0.000000	5.984915	1.000000
6.896039	0.761634	5.891510	1.000000
6.821163	11.816822	6.795700	1.000000
7.694892	0.854988	6.839903	1.000000
7.596764	0.012914	7.648471	1.000000
6.802845	0.786895	7.739562	1.000000
6.988935	11.812971	8.642015	1.000000
7.704719	0.834976	8.510839	1.000000
7.694892	0.000000	9.404867	1.000000
6.860998	0.894769	9.389955	1.000000
6.839903	0.000000	10.259855	1.000000
7.694892	0.854988	10.259855	1.000000
7.778764	0.062408	11.244147	1.000000
6.839903	0.854988	11.114843	1.000000
6.854835	1.615099	0.078581	1.000000
7.771044	2.537365	0.040767	1.000000
7.595023	1.616033	0.953883	1.000000
6.857871	2.649647	0.803709	1.000000
6.866976	1.756930	1.662201	1.000000
7.855761	2.378174	1.745356	1.000000
7.694892	1.709976	2.564963	1.000000
6.865596	2.524448	2.663809	1.000000
6.698358	1.706554	3.441712	1.000000
7.605159	2.467265	3.499295	1.000000
7.694892	1.709976	4.274940	1.000000
6.939323	2.474479	4.244942	1.000000
6.839903	1.709976	5.129927	1.000000
7.694892	2.564963	5.129927	1.000000
7.694892	1.709976	5.984915	1.000000
6.839903	2.564963	5.984915	1.000000
6.839903	1.709976	6.839903	1.000000
7.629701	2.535428	6.804847	1.000000
7.703779	1.719789	7.675554	1.000000
6.981163	2.545387	7.625919	1.000000
6.956581	1.825226	8.523582	1.000000
7.694892	2.564963	8.549880	1.000000
7.694892	1.709976	9.404867	1.000000
6.911763	2.620726	9.396984	1.000000
6.774625	1.848640	10.286602	1.000000
7.639117	2.573883	10.268134	1.000000
7.694892	1.709976	11.114843	1.000000
6.924441	2.488374	11.085664	1.000000
6.851714	3.509096	11.968159	1.000000
7.694892	4.274940	0.000000	1.000000
7.601327	3.523207	0.984123	1.000000
6.793909	4.276011	0.836383	1.000000
6.839903	3.419952	1.709976	1.000000
7.627235	4.250888	1.642329	1.000000
7.723574	3.455120	2.543794	1.000000
6.840282	4.278208	2.646685	1.000000
6.758311	3.425065	3.340871	1.000000
7.694892	4.274940	3.419952	1.000000
7.694892	3.419952	4.274940	1.000000
6.839903	4.274940	4.274940	1.000000
6.787032	3.480224	5.095686	1.000000
7.694892	4.274940	5.129927	1.000000
7.694892	3.419952	5.984915	1.000000
6.879819	4.313320	6.114755	1.000000
6.753718	3.398729	6.760699	1.000000
7.776528	4.245024	6.866223	1.000000
7.651624	3.370904	7.634443	1.000000
6.839903	4.274940	7.694892	1.000000
6.869562	3.408424	8.398586	1.000000
7.779821	4.349000	8.570383	1.000000
7.633403	3.351084	9.500992	1.000000
6.914951	4.285029	9.476340	1.000000
6.839903	3.419952	10.259855	1.000000
7.695055	4.463583	10.210009	1.000000
7.576303	3.468601	11.079821	1.000000
6.839903	4.274940	11.114843	1.000000
6.839903	5.129927	0.000000	1.000000
7.691308	6.028435	11.911613	1.000000
7.830684	5.093844	0.748696	1.000000
6.834394	5.906136	0.907599	1.000000
6.839903	5.129927	1.709976	1.000000
7.694892	5.984915	1.709976	1.000000
7.694892	5.129927	2.564963	1.000000
6.839903	5.984915	2.564963	1.000000
6.758388	5.183431	3.393924	1.000000
7.617620	5.935144	3.303327	1.000000
7.694892	5.129927	4.274940	1.000000
6.837036	6.038120	4.390679	1.000000
6.802909	5.081189	5.080318	1.000000
7.694892	5.984915	5.129927	1.000000
7.659241	5.050545	6.033650	1.000000
6.873226	5.960956	5.982044	1.000000
6.857520	5.127422	6.838184	1.000000
7.694892	5.984915	6.839903	1.000000
7.694892	5.129927	7.694892	1.000000
6.839903	5.984915	7.694892	1.000000
6.839903	5.129927	8.549880	1.000000
7.694892	5.984915	8.549880	1.000000
7.547094	5.183057	9.368543	1.000000
6.744228	6.050913	9.495135	1.000000
6.918519	5.147166	10.234796	1.000000
7.772243	5.995042	10.345993	1.000000
7.771300	5.032871	11.201376	1.000000
6.839903	5.984915	11.114843	1.000000
6.938187	6.753370	11.893815	1.000000
7.717039	7.739584	0.023197	1.000000
7.770878	6.981047	0.830001	1.000000
6.841182	7.710182	0.881437	1.000000
6.927623	6.784535	1.730161	1.000000
7.655928	7.634568	1.725189	1.000000
7.786415	6.870057	2.534727	1.000000
6.839903	7.694892	2.564963	1.000000
6.819362	6.927496	3.445825	1.000000
7.738648	7.778237	3.440449	1.000000
7.693731	6.824925	4.346087	1.000000
6.839903	7.694892	4.274940	1.000000
6.839903	6.839903	5.129927	1.000000
7.750228	7.747650	5.161390	1.000000
7.748396	6.796105	5.872979	1.000000
6.839903	7.694892	5.984915	1.000000
6.839903	6.839903	6.839903	1.000000
7.708384	7.694815	6.925038	1.000000
7.561361	6.795777	7.644469	1.000000
6.839903	7.694892	7.694892	1.000000
6.888540	6.750499	8.571950	1.000000
7.694892	7.694892	8.549880	1.000000
7.694892	6.839903	9.404867	1.000000
6.874965	7.696295	9.280559	1.000000
6.841416	6.818353	10.270266	1.000000
7.694892	7.694892	10.259855	1.000000
7.694892	6.839903	11.114843	1.000000
6.839903	7.694892	11.114843	1.000000
6.839903	8.549880	0.000000	1.000000
7.688868	9.379235	0.020018	1.000000
7.539368	8.564369	0.777575	1.000000
6.748737	9.478177	0.865202	1.000000
6.839903	8.549880	1.709976	1.000000
7.694892	9.404867	1.709976	1.000000
7.755145	8.621269	2.511845	1.000000
6.944579	9.544137	2.524070	1.000000
6.890618	8.611784	3.376787	1.000000
7.694892	9.404867	3.419952	1.000000
7.769974	8.484911	4.259798	1.000000
6.953649	9.450214	4.122742	1.000000
6.788441	8.559304	5.193632	1.000000
7.751261	9.398177	5.109515	1.000000
7.694892	8.549880	5.984915	1.000000
6.839903	9.404867	5.984915	1.000000
6.839903	8.549880	6.839903	1.000000
7.694892	9.404867	6.839903	1.000000
7.694892	8.549880	7.694892	1.000000
6.846982	9.398748	7.787699	1.000000
6.839903	8.549880	8.549880	1.000000
7.694892	9.404867	8.549880	1.000000
7.694892	8.549880	9.404867	1.000000
6.930740	9.351737	9.338158	1.000000
6.891857	8.563254	10.222635	1.000000
7.667454	9.265039	10.152884	1.000000
7.694892	8.549880	11.114843	1.000000
6.929435	9.320509	11.155160	1.000000
6.741271	10.304601	11.855498	1.000000
7.681362	11.103832	11.877309	1.000000
7.694892	10.259855	0.854988	1.000000
6.839903	11.114843	0.854988	1.000000
6.839903	10.259855	1.709976	1.000000
7.694892	11.114843	1.709976	1.000000
7.677146	10.168226	2.624326	1.000000
6.934064	11.027687	2.502363	1.000000
6.839903	10.259855	3.419952	1.000000
7.555373	11.158720	3.409117	1.000000
7.762261	10.230752	4.304979	1.000000
6.889244	11.110315	4.293010	1.000000
6.839903	10.259855	5.129927	1.000000
7.600558	11.169267	5.155114	1.000000
7.654409	10.207790	5.999639	1.000000
6.839903	11.114843	5.984915	1.000000
6.839903	10.259855	6.839903	1.000000
7.763785	11.226276	6.863854	1.000000
7.654143	10.224574	7.668197	1.000000
6.839903	11.114843	7.694892	1.000000
6.837121	10.237006	8.649139	1.000000
7.694892	11.114843	8.549880	1.000000
7.663128	10.193094	9.396941	1.000000
6.754274	11.093850	9.411177	1.000000
6.808511	10.333129	10.338000	1.000000
7.694892	11.114843	10.259855	1.000000
7.694892	10.259855	11.114843	1.000000
6.818529	11.123988	11.139678	1.000000
8.532690	0.040054	0.047833	1.000000
9.460397	0.802719	0.054978	1.000000
9.207323	11.919658	1.031115	1.000000
8.593995	0.811130	0.699985	1.000000
8.549880	0.000000	1.709976	1.000000
9.340172	0.916621	1.635389	1.000000
9.409282	11.870450	2.645489	1.000000
8.549880	0.854988	2.564963	1.000000
8.549880	0.000000	3.419952	1.000000
9.404867	0.854988	3.419952	1.000000
9.404867	0.000000	4.274940	1.000000
8.549880	0.854988	4.274940	1.000000
8.549880	0.000000	5.129927	1.000000
9.404867	0.854988	5.129927	1.000000
9.332808	11.939411	6.023190	1.000000
8.547082	0.818222	5.986686	1.000000
8.623520	0.072392	6.772543	1.000000
9.404867	0.854988	6.839903	1.000000
9.404867	0.000000	7.694892	1.000000
8.418933	0.986853	7.712500	1.000000
8.428641	11.966366	8.497825	1.000000
9.411101	0.822846	8.593811	1.000000
9.404867	0.000000	9.404867	1.000000
8.545746	0.804595	9.317155	1.000000
8.637948	0.066678	10.250906	1.000000
9.529101	0.780686	10.167123	1.000000
9.404867	0.000000	11.114843	1.000000
8.613502	0.928660	11.019477	1.000000
8.549880	1.709976	0.000000	1.000000
9.404867	2.564963	0.000000	1.000000
9.404867	1.709976	0.854988	1.000000
8.549880	2.564963	0.854988	1.000000
8.601177	1.662564	1.738634	1.000000
9.304435	2.415061	1.573522	1.000000
9.407089	1.694179	2.326208	1.000000
8.549880	2.564963	2.564963	1.000000
8.577140	1.759532	3.480345	1.000000
9.406124	2.718474	3.397193	1.000000
9.434183	1.784430	4.399808	1.000000
8.549880	2.564963	4.274940	1.000000
8.549880	1.709976	5.129927	1.000000
9.404867	2.564963	5.129927	1.000000
9.404867	1.709976	5.984915	1.000000
8.614960	2.478362	5.958625	1.000000
8.479215	1.802402	6.856766	1.000000
9.485650	2.502393	6.869460	1.000000
9.404867	1.709976	7.694892	1.000000
8.574382	2.617309	7.626008	1.000000
8.549880	1.709976	8.549880	1.000000
9.404867	2.564963	8.549880	1.000000
9.404867	1.709976	9.404867	1.000000
8.537126	2.440647	9.476127	1.000000
8.549880	1.709976	10.259855	1.000000
9.404867	2.564963	10.259855	1.000000
9.354370	1.697364	11.082605	1.000000
8.569179	2.635856	11.173497	1.000000
8.682945	3.359545	0.124305	1.000000
9.508586	4.451199	0.014770	1.000000
9.404867	3.419952	0.854988	1.000000
8.524785	4.359731	0.864051	1.000000
8.566770	3.368144	1.610256	1.000000
9.340831	4.229747	1.781108	1.000000
9.436547	3.348931	2.601569	1.000000
8.661990	4.385500	2.627213	1.000000
8.531153	3.455308	3.512818	1.000000
9.404867	4.274940	3.419952	1.000000
9.324559	3.467737	4.203771	1.000000
8.509670	4.309072	4.319224	1.000000
8.654268	3.447065	5.237263	1.000000
9.404867	4.274940	5.129927	1.000000
9.404867	3.419952	5.984915	1.000000
8.497747	4.369462	6.150865	1.000000
8.644982	3.371002	6.865389	1.000000
9.404867	4.274940	6.839903	1.000000
9.404867	3.419952	7.694892	1.000000
8.549880	4.274940	7.694892	1.000000
8.468569	3.393601	8.573189	1.000000
9.404867	4.274940	8.549880	1.000000
9.396696	3.491749	9.486868	1.000000
8.563599	4.245586	9.381646	1.000000
8.532206	3.484643	10.298151	1.000000
9.404867	4.274940	10.259855	1.000000
9.453691	3.327372	11.142048	1.000000
8.579063	4.357044	11.047223	1.000000
8.537022	5.065080	11.898137	1.000000
9.318603	5.900450	0.082152	1.000000
9.466855	5.137275	0.893923	1.000000
8.546201	5.978372	0.775494	1.000000
8.670636	5.076130	1.801701	1.000000
9.404867	5.984915	1.709976	1.000000
9.404867	5.129927	2.564963	1.000000
8.636642	6.009233	2.564717	1.000000
8.587319	5.171792	3.404622	1.000000
9.404867	5.984915	3.419952	1.000000
9.404867	5.129927	4.274940	1.000000
8.573407	5.959970	4.282450	1.000000
8.549880	5.129927	5.129927	1.000000
9.358159	5.968366	5.212023	1.000000
9.404867	5.129927	5.984915	1.000000
8.549880	5.984915	5.984915	1.000000
8.558690	5.047775	6.934130	1.000000
9.346044	6.019645	6.758640	1.000000
9.431079	5.136211	7.702623	1.000000
8.549880	5.984915	7.694892	1.000000
8.617113	5.218374	8.497978	1.000000
9.459659	6.039130	8.549623	1.000000
9.404867	5.129927	9.404867	1.000000
8.476558	5.958015	9.403650	1.000000
8.688344	5.075629	10.248879	1.000000
9.404867	5.984915	10.259855	1.000000
9.378624	5.065842	11.141784	1.000000
8.568362	5.952805	11.154929	1.000000
8.620065	6.881687	11.889267	1.000000
9.394349	7.686341	0.069753	1.000000
9.254790	6.875540	0.913250	1.000000
8.549880	7.694892	0.854988	1.000000
8.549880	6.839903	1.709976	1.000000
9.440121	7.673884	1.682056	1.000000
9.443316	6.781580	2.506224	1.000000
8.606285	7.815788	2.482380	1.000000
8.469492	6.838843	3.381268	1.000000
9.466818	7.768746	3.412497	1.000000
9.439291	6.848606	4.287292	1.000000
8.549880	7.694892	4.274940	1.000000
8.642608	6.913818	5.143293	1.000000
9.349640	7.665633	5.163798	1.000000
9.260448	6.848740	5.892905	1.000000
8.549880	7.694892	5.984915	1.000000
8.549880	6.839903	6.839903	1.000000
9.320015	7.724725	6.777534	1.000000
9.267878	6.869826	7.845271	1.000000
8.549880	7.694892	7.694892	1.000000
8.489901	6.911319	8.640363	1.000000
9.418150	7.714527	8.577235	1.000000
9.404867	6.839903	9.404867	1.000000
8.530851	7.767707	9.328748	1.000000
8.569371	6.745429	10.268933	1.000000
9.339496	7.671135	10.286977	1.000000
9.404867	6.839903	11.114843	1.000000
8.564071	7.565914	11.062284	1.000000
8.545779	8.608156	0.007010	1.000000
9.464045	9.342192	0.033063	1.000000
9.399928	8.588941	0.865511	1.000000
8.544461	9.398612	0.889845	1.000000
8.549880	8.549880	1.709976	1.000000
9.404867	9.404867	1.709976	1.000000
9.469645	8.623212	2.484360	1.000000
8.549880	9.404867	2.564963	1.000000
8.520729	8.560589	3.420531	1.000000
9.413834	9.333958	3.330132	1.000000
9.404867	8.549880	4.274940	1.000000
8.555277	9.483087	4.374398	1.000000
8.549880	8.549880	5.129927	1.000000
9.486220	9.437555	5.099406	1.000000
9.384531	8.548563	5.933186	1.000000
8.500689	9.487821	5.921236	1.000000
8.508288	8.648701	6.836520	1.000000
9.396214	9.373154	6.978999	1.000000
9.404867	8.549880	7.694892	1.000000
8.594509	9.504627	7.632278	1.000000
8.549880	8.549880	8.549880	1.000000
9.404867	9.404867	8.549880	1.000000
9.498283	8.577592	9.316438	1.000000
8.422856	9.400192	9.355812	1.000000
8.583993	8.489958	10.295432	1.000000
9.404867	9.404867	10.259855	1.000000
9.404867	8.549880	11.114843	1.000000
8.549880	9.404867	11.114843	1.000000
8.564844	10.231716	0.001860	1.000000
9.383939	11.148971	11.899467	1.000000
9.404867	10.259855	0.854988	1.000000
8.549880	11.114843	0.854988	1.000000
8.549880	10.259855	1.709976	1.000000
9.380020	11.166574	1.663353	1.000000
9.441954	10.270889	2.573945	1.000000
8.588712	11.175761	2.535766	1.000000
8.549880	10.259855	3.419952	1.000000
9.411103	11.102727	3.460463	1.000000
9.404867	10.259855	4.274940	1.000000
8.549880	11.114843	4.274940	1.000000
8.566704	10.295976	5.054746	1.000000
9.467413	11.175185	5.117373	1.000000
9.414476	10.259395	5.997642	1.000000
8.549880	11.114843	5.984915	1.000000
8.549880	10.259855	6.839903	1.000000
9.404867	11.114843	6.839903	1.000000
9.404867	10.259855	7.694892	1.000000
8.549880	11.114843	7.694892	1.000000
8.549880	10.259855	8.549880	1.000000
9.404867	11.114843	8.549880	1.000000
9.404867	10.259855	9.404867	1.000000
8.590613	11.121397	9.438172	1.000000
8.519413	10.296676	10.304423	1.000000
9.404867	11.114843	10.259855	1.000000
9.501516	10.224662	11.125749	1.000000
8.679852	11.051640	11.218621	1.000000
10.259855	0.000000	0.000000	1.000000
11.186236	0.753824	11.920260	1.000000
11.114843	0.000000	0.854988	1.000000
10.259855	0.854988	0.854988	1.000000
10.208412	0.025641	1.610722	1.000000
11.157260	0.900610	1.767323	1.000000
11.114843	0.000000	2.564963	1.000000
10.184369	0.806450	2.501642	1.000000
10.259577	0.010619	3.572104	1.000000
11.175524	0.917618	3.447233	1.000000
11.114843	0.000000	4.274940	1.000000
10.259855	0.854988	4.274940	1.000000
10.259855	0.000000	5.129927	1.000000
11.113932	0.911802	5.198858	1.000000
11.114843	0.000000	5.984915	1.000000
10.211938	0.814885	5.945891	1.000000
10.174933	11.943506	6.899001	1.000000
11.182852	0.932501	6.918510	1.000000
11.097282	11.964299	7.622228	1.000000
10.298596	0.761637	7.771410	1.000000
10.259855	0.000000	8.549880	1.000000
11.203090	0.763834	8.559051	1.000000
11.029480	0.067963	9.313145	1.000000
10.245155	0.932703	9.365374	1.000000
10.183380	0.061189	10.313265	1.000000
11.015269	0.924997	10.237464	1.000000
11.190477	11.886686	11.048158	1.000000
10.259855	0.854988	11.114843	1.000000
10.259855	1.709976	0.000000	1.000000
11.144489	2.606764	11.950090	1.000000
11.231892	1.680321	0.658945	1.000000
10.458066	2.522516	0.860113	1.000000
10.259855	1.709976	1.709976	1.000000
11.101042	2.485246	1.750577	1.000000
11.114843	1.709976	2.564963	1.000000
10.259855	2.564963	2.564963	1.000000
10.173146	1.843678	3.424404	1.000000
11.114843	2.564963	3.419952	1.000000
11.114843	1.709976	4.274940	1.000000
10.221535	2.609382	4.300096	1.000000
10.247011	1.660821	5.160964	1.000000
11.124651	2.584201	5.056532	1.000000
11.078239	1.686222	5.976173	1.000000
10.259855	2.564963	5.984915	1.000000
10.268795	1.619598	6.981480	1.000000
11.114843	2.564963	6.839903	1.000000
11.114843	1.709976	7.694892	1.000000
10.259855	2.564963	7.694892	1.000000
10.259855	1.709976	8.549880	1.000000
11.114843	2.564963	8.549880	1.000000
11.143437	1.734951	9.369753	1.000000
10.259855	2.564963	9.404867	1.000000
10.358382	1.630361	10.263360	1.000000
11.112990	2.636841	10.300101	1.000000
11.086378	1.789863	11.110641	1.000000
10.305017	2.589046	11.199673	1.000000
10.165146	3.404441	11.914016	1.000000
11.191974	4.238267	0.006436	1.000000
11.153789	3.451305	0.826992	1.000000
10.259855	4.274940	0.854988	1.000000
10.259855	3.419952	1.709976	1.000000
11.114843	4.274940	1.709976	1.000000
11.114843	3.419952	2.564963	1.000000
10.253063	4.348084	2.474101	1.000000
10.197029	3.409285	3.336110	1.000000
11.180333	4.224725	3.371284	1.000000
11.223393	3.466544	4.308209	1.000000
10.216846	4.340111	4.278213	1.000000
10.259855	3.419952	5.129927	1.000000
11.058271	4.279802	5.048786	1.000000
11.200706	3.397621	6.028138	1.000000
10.259855	4.274940	5.984915	1.000000
10.259855	3.419952	6.839903	1.000000
11.256340	4.313994	6.909674	1.000000
11.114843	3.419952	7.694892	1.000000
10.259855	4.274940	7.694892	1.000000
10.048553	3.462055	8.545677	1.000000
11.212424	4.233153	8.573266	1.000000
11.081246	3.350414	9.391073	1.000000
10.259855	4.274940	9.404867	1.000000
10.262308	3.448574	10.185020	1.000000
11.114843	4.274940	10.259855	1.000000
11.114843	3.419952	11.114843	1.000000
10.298434	4.257017	11.165844	1.000000
10.167222	5.198137	11.872289	1.000000
11.191994	6.053132	0.082812	1.000000
11.048913	5.064406	1.007821	1.000000
10.259855	5.984915	0.854988	1.000000
10.259855	5.129927	1.709976	1.000000
11.024848	5.967308	1.655900	1.000000
11.195544	5.148679	2.557666	1.000000
10.123587	5.843391	2.565068	1.000000
10.259855	5.129927	3.419952	1.000000
11.098889	5.887931	3.412070	1.000000
11.114843	5.129927	4.274940	1.000000
10.180187	6.031096	4.318356	1.000000
10.264378	5.219232	5.075328	1.000000
11.114843	5.984915	5.129927	1.000000
11.114843	5.129927	5.984915	1.000000
10.259855	5.984915	5.984915	1.000000
10.254628	5.049254	6.926288	1.000000
11.152723	5.933412	6.843233	1.000000
11.114843	5.129927	7.694892	1.000000
10.251921	6.035822	7.609508	1.000000
10.259855	5.129927	8.549880	1.000000
11.164721	5.999764	8.412738	1.000000
11.114843	5.129927	9.404867	1.000000
10.259855	5.984915	9.404867	1.000000
10.286931	5.129935	10.074752	1.000000
11.154460	6.045133	10.334815	1.000000
11.114843	5.129927	11.114843	1.000000
10.259855	5.984915	11.114843	1.000000
10.180851	6.929607	0.054751	1.000000
11.083126	7.621075	11.941064	1.000000
11.114843	6.839903	0.854988	1.000000
10.251435	7.685684	0.767173	1.000000
10.317250	6.779968	1.732748	1.000000
11.188396	7.699850	1.703758	1.000000
11.047373	6.754680	2.523075	1.000000
10.295646	7.786004	2.482509	1.000000
10.357086	6.857742	3.510299	1.000000
11.157046	7.663359	3.496136	1.000000
11.114843	6.839903	4.274940	1.000000
10.336108	7.699301	4.293307	1.000000
10.259855	6.839903	5.129927	1.000000
11.114843	7.694892	5.129927	1.000000
11.057352	6.822129	6.173429	1.000000
10.325643	7.663023	5.963077	1.000000
10.259855	6.839903	6.839903	1.000000
11.222070	7.732403	6.737824	1.000000
11.157083	6.823909	7.722327	1.000000
10.210341	7.694186	7.676892	1.000000
10.307694	6.791050	8.599904	1.000000
11.110300	7.628542	8.452241	1.000000
11.083658	6.844867	9.424387	1.000000
10.243246	7.708988	9.492197	1.000000
10.259855	6.839903	10.259855	1.000000
11.114843	7.694892	10.259855	1.000000
11.114843	6.839903	11.114843	1.000000
10.259855	7.694892	11.114843	1.000000
10.286170	8.481602	11.894152	1.000000
11.101776	9.474859	0.011140	1.000000
11.081077	8.498329	0.882115	1.000000
10.315450	9.483501	0.906608	1.000000
10.259855	8.549880	1.709976	1.000000
11.054765	9.449418	1.639798	1.000000
11.065712	8.480923	2.541926	1.000000
10.304562	9.423283	2.553086	1.000000
10.325555	8.455972	3.380738	1.000000
11.210630	9.511124	3.533590	1.000000
11.222953	8.531834	4.301353	1.000000
10.329279	9.297063	4.350163	1.000000
10.259855	8.549880	5.129927	1.000000
11.114843	9.404867	5.129927	1.000000
11.114843	8.549880	5.984915	1.000000
10.259855	9.404867	5.984915	1.000000
10.380210	8.561654	6.856393	1.000000
11.100456	9.473003	6.835010	1.000000
11.114843	8.549880	7.694892	1.000000
10.347713	9.412727	7.793592	1.000000
10.259855	8.549880	8.549880	1.000000
11.149604	9.435246	8.542063	1.000000
11.114843	8.549880	9.404867	1.000000
10.259855	9.404867	9.404867	1.000000
10.442954	8.604290	10.284690	1.000000
11.141296	9.446303	10.264859	1.000000
11.195181	8.492242	11.104022	1.000000
10.306538	9.429095	11.160622	1.000000
10.259855	10.259855	0.000000	1.000000
11.158839	11.122073	0.028906	1.000000
11.078360	10.257040	0.675051	1.000000
10.259855	11.114843	0.854988	1.000000
10.259855	10.259855	1.709976	1.000000
11.171038	11.129350	1.745917	1.000000
11.114843	10.259855	2.564963	1.000000
10.273962	11.050221	2.483443	1.000000
10.285961	10.289297	3.493897	1.000000
11.114843	11.114843	3.419952	1.000000
11.015205	10.224453	4.251457	1.000000
10.249933	11.196858	4.345949	1.000000
10.259855	10.259855	5.129927	1.000000
11.114843	11.114843	5.129927	1.000000
11.048463	10.343744	6.046582	1.000000
10.259855	11.114843	5.984915	1.000000
10.233009	10.293274	6.754909	1.000000
11.116886	11.084258	6.789525	1.000000
10.981401	10.390001	7.576033	1.000000
10.195420	11.167735	7.786544	1.000000
10.343463	10.187475	8.609566	1.000000
11.134505	11.156044	8.436307	1.000000
11.114843	10.259855	9.404867	1.000000
10.259855	11.114843	9.404867	1.000000
10.315583	10.221908	10.250718	1.000000
11.132250	11.011113	10.175504	1.000000
11.114843	10.259855	11.114843	1.000000
10.259855	11.114843	11.114843	1.000000
