256
0.000000 6.246335
0.000000 6.246335
0.000000 6.246335
6.179846	6.202703	6.223684	1.000000
0.742857	0.742127	0.006358	1.000000
0.654696	6.239415	0.809194	1.000000
0.023339	0.839483	0.839995	1.000000
6.216956	0.077171	1.534878	1.000000
0.799026	0.739930	1.557906	1.000000
0.851926	6.160324	2.330497	1.000000
0.045270	0.845545	2.236425	1.000000
6.216053	6.134887	3.209479	1.000000
0.701234	0.650514	3.059907	1.000000
0.890670	6.161126	3.991650	1.000000
0.003131	0.596867	3.966269	1.000000
0.097811	6.232685	4.765164	1.000000
0.951001	0.726397	4.721515	1.000000
0.751695	6.134101	5.588079	1.000000
6.240003	0.768985	5.457726	1.000000
0.044095	1.508488	0.021664	1.000000
0.899455	2.331442	6.211653	1.000000
0.820812	1.573315	0.719835	1.000000
0.062875	2.363158	0.833132	1.000000
0.088361	1.670711	1.582461	1.000000
0.814798	2.468828	1.582273	1.000000
0.782764	1.620139	2.397548	1.000000
0.070815	2.328726	2.344383	1.000000
0.037581	1.445517	3.156303	1.000000
0.791350	2.415986	3.129903	1.000000
0.801037	1.322698	3.837607	1.000000
0.086849	2.181729	3.873610	1.000000
0.102501	1.359967	4.636719	1.000000
0.783224	2.384163	4.730795	1.000000
0.852023	1.571709	5.402690	1.000000
0.044262	2.282877	5.469442	1.000000
0.041210	2.955543	6.241420	1.000000
0.650139	3.832322	0.008223	1.000000
0.836933	3.122761	0.768483	1.000000
6.115124	3.863430	0.692411	1.000000
6.209403	3.183082	1.467422	1.000000
0.871156	3.772184	1.556784	1.000000
0.846429	3.178939	2.458097	1.000000
6.221233	3.753688	2.339645	1.000000
0.057649	3.161738	3.193527	1.000000
0.780564	3.934055	3.146760	1.000000
0.811665	3.099153	4.004598	1.000000
0.069862	3.861432	3.968529	1.000000
0.024502	3.061028	4.651863	1.000000
0.791292	3.932865	4.867892	1.000000
0.783224	3.128659	5.540296	1.000000
6.164210	3.889124	5.545811	1.000000
0.014368	4.707727	6.241448	1.000000
0.665069	5.464700	0.084928	1.000000
0.753381	4.621157	0.664552	1.000000
6.165003	5.357941	0.845726	1.000000
0.014668	4.603678	1.500000	1.000000
0.779520	5.460757	1.523325	1.000000
0.754617	4.513929	2.274332	1.000000
6.236549	5.529101	2.347575	1.000000
0.079707	4.696241	3.091906	1.000000
0.739816	5.455389	3.174245	1.000000
0.765281	4.612309	4.055816	1.000000
0.086132	5.369670	3.988917	1.000000
0.058039	4.617116	4.773981	1.000000
0.796280	5.502649	4.772729	1.000000
0.769881	4.763277	5.550060	1.000000
6.065400	5.482783	5.428327	1.000000
1.389337	6.189344	0.130389	1.000000
2.367868	0.625028	0.026677	1.000000
2.339302	6.161489	0.743121	1.000000
1.495049	0.815488	0.721251	1.000000
1.587055	6.046573	1.626792	1.000000
2.163663	0.788267	1.587452	1.000000
2.393068	6.244266	2.216697	1.000000
1.454793	0.843910	2.385324	1.000000
1.621212	6.193479	2.972564	1.000000
2.275463	0.760182	3.182036	1.000000
2.342070	6.169762	3.766523	1.000000
1.596954	0.675651	3.924111	1.000000
1.681219	6.179052	4.674794	1.000000
2.396922	0.692384	4.654792	1.000000
2.362085	6.104668	5.508462	1.000000
1.626679	0.656620	5.576234	1.000000
1.625668	1.591836	6.162176	1.000000
2.337111	2.399466	6.132529	1.000000
2.270136	1.501360	0.738871	1.000000
1.554139	2.282305	0.724753	1.000000
1.454259	1.527530	1.517178	1.000000
2.362997	2.381620	1.576693	1.000000
2.322571	1.517611	2.254823	1.000000
1.705665	2.381689	2.372174	1.000000
1.536786	1.675845	3.207625	1.000000
2.422646	2.331793	3.125267	1.000000
2.318895	1.532200	3.889497	1.000000
1.461970	2.336702	3.981907	1.000000
1.578549	1.507123	4.629074	1.000000
2.408054	2.342042	4.712786	1.000000
2.401803	1.651022	5.454196	1.000000
1.566502	2.299359	5.447144	1.000000
1.573939	3.095016	6.214672	1.000000
2.332652	3.786996	6.223840	1.000000
2.294678	3.075779	0.739940	1.000000
1.571591	3.912744	0.789614	1.000000
1.675204	3.121793	1.647994	1.000000
2.441413	3.844655	1.441237	1.000000
2.457661	3.184809	2.348804	1.000000
1.634717	3.887520	2.399248	1.000000
1.578136	3.102860	3.159598	1.000000
2.278626	3.837345	3.183614	1.000000
2.407947	3.110505	3.881938	1.000000
1.565984	3.927729	3.920520	1.000000
1.708912	3.064139	4.740904	1.000000
2.368546	3.852925	4.613960	1.000000
2.431002	3.137299	5.442452	1.000000
1.705508	3.830505	5.393795	1.000000
1.539663	4.512359	6.200737	1.000000
2.365610	5.365961	6.236593	1.000000
2.316626	4.592157	0.726090	1.000000
1.586946	5.369687	0.694726	1.000000
1.563134	4.780808	1.584353	1.000000
2.372160	5.423528	1.594665	1.000000
2.315109	4.634715	2.285767	1.000000
1.483759	5.359777	2.429030	1.000000
1.631656	4.620637	3.196310	1.000000
2.396135	5.450547	3.034215	1.000000
2.378622	4.618518	3.920172	1.000000
1.539337	5.400779	3.892227	1.000000
1.635245	4.718771	4.631950	1.000000
2.395744	5.456326	4.691930	1.000000
2.322152	4.669365	5.417321	1.000000
1.529393	5.496936	5.512772	1.000000
3.262733	0.025914	6.116509	1.000000
3.930594	0.895729	0.048781	1.000000
3.970972	6.198178	0.700107	1.000000
3.172396	0.638094	0.678248	1.000000
3.142631	6.138346	1.399060	1.000000
3.861557	0.738146	1.535476	1.000000
3.843544	6.223826	2.361264	1.000000
3.066431	0.746340	2.165521	1.000000
3.072663	6.219408	3.022383	1.000000
3.824509	0.727383	3.094781	1.000000
3.965293	6.210623	3.762584	1.000000
3.117585	0.689327	3.835345	1.000000
3.186694	6.234862	4.554210	1.000000
3.857666	0.759856	4.662461	1.000000
3.962695	6.161233	5.409023	1.000000
3.126300	0.800313	5.416173	1.000000
3.251693	1.666293	6.202432	1.000000
4.018544	2.331226	6.035198	1.000000
3.871480	1.583328	0.781629	1.000000
3.035070	2.280912	0.822861	1.000000
3.171088	1.594240	1.607274	1.000000
3.981391	2.265939	1.632088	1.000000
3.911888	1.413855	2.352487	1.000000
3.168181	2.336350	2.306240	1.000000
3.088238	1.404846	2.921293	1.000000
3.870340	2.357421	3.062331	1.000000
3.786953	1.592232	3.810882	1.000000
3.108104	2.326702	3.854462	1.000000
3.113312	1.603751	4.578170	1.000000
3.929840	2.392755	4.626519	1.000000
3.899790	1.555278	5.373313	1.000000
3.199597	2.353275	5.351093	1.000000
3.183320	2.985423	6.148414	1.000000
3.948589	3.963174	6.172784	1.000000
3.798804	2.987288	0.719007	1.000000
3.186755	3.809419	0.745926	1.000000
3.142604	3.033150	1.537807	1.000000
4.014633	4.060966	1.511905	1.000000
3.902864	3.123653	2.265913	1.000000
3.230377	3.924291	2.198909	1.000000
3.152502	3.103062	3.196424	1.000000
3.885203	3.774012	3.060022	1.000000
4.011822	3.034386	3.805769	1.000000
3.143631	3.892978	3.904039	1.000000
3.203808	3.129907	4.582412	1.000000
3.929821	3.924672	4.703741	1.000000
3.974333	3.090883	5.344694	1.000000
3.157977	3.960479	5.513624	1.000000
3.047934	4.623191	0.016171	1.000000
3.922295	5.400836	6.206066	1.000000
3.894542	4.612553	0.685784	1.000000
3.033605	5.348299	0.782295	1.000000
3.163920	4.727446	1.560518	1.000000
3.916265	5.374892	1.428127	1.000000
3.942045	4.771416	2.283874	1.000000
3.179545	5.467524	2.272191	1.000000
3.171142	4.576245	2.963431	1.000000
3.945691	5.471451	3.073655	1.000000
3.856348	4.639970	3.725287	1.000000
3.113805	5.453161	3.829785	1.000000
3.086368	4.581767	4.727559	1.000000
3.885895	5.283445	4.506998	1.000000
3.861679	4.722101	5.455597	1.000000
3.085053	5.379831	5.437180	1.000000
4.718536	6.090841	6.163528	1.000000
5.523536	0.870603	0.129132	1.000000
5.370748	0.010050	0.670511	1.000000
4.633804	0.799010	0.834229	1.000000
4.686457	6.234921	1.472295	1.000000
5.538457	0.836297	1.557509	1.000000
5.492571	0.049664	2.380226	1.000000
4.597798	0.661005	2.353141	1.000000
4.823802	6.162323	3.202255	1.000000
5.555217	0.747791	3.109701	1.000000
5.535974	6.132548	3.958991	1.000000
4.867261	0.652061	3.882788	1.000000
4.686754	6.099111	4.486621	1.000000
5.418003	0.779483	4.708200	1.000000
5.417824	0.048726	5.423132	1.000000
4.647619	0.702752	5.538283	1.000000
4.683304	1.580386	6.217464	1.000000
5.560901	2.254891	6.184544	1.000000
5.446771	1.663266	0.777945	1.000000
4.712483	2.394569	0.880449	1.000000
4.670113	1.447755	1.611065	1.000000
5.480047	2.299423	1.655815	1.000000
5.577857	1.549579	2.342079	1.000000
4.661524	2.277673	2.367246	1.000000
4.786119	1.426764	2.975482	1.000000
5.387115	2.210302	3.179796	1.000000
5.611646	1.433862	3.933773	1.000000
4.621123	2.226500	3.825750	1.000000
4.572451	1.508203	4.592522	1.000000
5.531226	2.274242	4.569613	1.000000
5.520836	1.589145	5.347347	1.000000
4.793098	2.298097	5.280678	1.000000
4.709281	3.101081	6.228957	1.000000
5.342662	3.933925	0.005158	1.000000
5.444579	3.039543	0.658300	1.000000
4.658556	3.894751	0.750752	1.000000
4.617088	3.206656	1.552463	1.000000
5.408885	3.819239	1.476404	1.000000
5.382524	3.150971	2.238206	1.000000
4.590676	3.880882	2.354372	1.000000
4.786311	3.133579	3.122444	1.000000
5.426709	3.971678	3.083486	1.000000
5.538290	3.230112	3.856998	1.000000
4.683168	3.960962	3.769255	1.000000
4.716503	3.037760	4.594405	1.000000
5.446368	3.818462	4.735852	1.000000
5.492349	3.038883	5.449225	1.000000
4.683537	3.825647	5.406127	1.000000
4.636685	4.701995	6.107260	1.000000
5.411054	5.342716	6.236112	1.000000
5.461688	4.624663	0.791741	1.000000
4.713727	5.448271	0.799448	1.000000
4.770804	4.756745	1.590720	1.000000
5.463602	5.570021	1.561907	1.000000
5.536910	4.791718	2.263078	1.000000
4.743299	5.555683	2.266432	1.000000
4.638690	4.671600	3.053315	1.000000
5.444620	5.320255	3.222096	1.000000
5.563243	4.520898	3.967219	1.000000
4.670140	5.307996	3.856102	1.000000
4.689809	4.589133	4.658176	1.000000
5.434255	5.331257	4.640383	1.000000
5.475393	4.629908	5.499819	1.000000
4.725937	5.444481	5.381899	1.000000
