256
0.000000 6.246335
0.000000 6.246335
0.000000 6.246335
0.094772	6.245814	6.176660	1.000000
0.720835	0.873491	6.242617	1.000000
0.693750	0.077501	0.732816	1.000000
6.200737	0.859809	0.691803	1.000000
0.027334	6.231245	1.538334	1.000000
0.891506	0.720167	1.588517	1.000000
0.814099	6.236343	2.271612	1.000000
6.231990	0.742279	2.380550	1.000000
0.093601	6.135701	3.036839	1.000000
0.762256	0.674473	3.024465	1.000000
0.823657	6.204245	3.836986	1.000000
0.052382	0.728575	3.749357	1.000000
6.243143	0.001016	4.512987	1.000000
0.823347	0.666488	4.576263	1.000000
0.711942	6.146373	5.325301	1.000000
0.063451	0.748159	5.411169	1.000000
6.205647	1.529283	6.166458	1.000000
0.675651	2.230448	0.015551	1.000000
0.835108	1.480985	0.809694	1.000000
6.208440	2.359527	0.919864	1.000000
6.167069	1.503776	1.589016	1.000000
0.879395	2.332370	1.517071	1.000000
0.755287	1.443714	2.342553	1.000000
0.082703	2.264812	2.236725	1.000000
6.220641	1.549170	3.162405	1.000000
0.746795	2.305619	3.072765	1.000000
0.825781	1.512936	3.844540	1.000000
0.002649	2.425862	3.783567	1.000000
6.216032	1.473704	4.611887	1.000000
0.666680	2.231873	4.557050	1.000000
0.727160	1.576062	5.473856	1.000000
0.023403	2.295970	5.497299	1.000000
0.022594	3.107918	6.193425	1.000000
0.785909	3.915677	6.180159	1.000000
0.697391	3.211493	0.805558	1.000000
6.238909	3.978071	0.832711	1.000000
6.073681	3.058196	1.658704	1.000000
0.793132	3.993761	1.457637	1.000000
0.907942	3.088220	2.305558	1.000000
0.107198	3.826348	2.235763	1.000000
0.004510	3.017265	2.926838	1.000000
0.802099	3.812284	3.048311	1.000000
0.854292	3.085281	3.923930	1.000000
0.124729	3.801900	3.852569	1.000000
0.030176	3.066649	4.609290	1.000000
0.947325	3.938390	4.647487	1.000000
0.820786	3.137684	5.307261	1.000000
0.087153	3.819858	5.455705	1.000000
6.166222	4.508378	6.215370	1.000000
0.743935	5.376225	6.126779	1.000000
0.919786	4.641954	0.620525	1.000000
0.110018	5.504075	0.674473	1.000000
6.204765	4.662879	1.622488	1.000000
0.788117	5.368832	1.494109	1.000000
0.761380	4.600583	2.306923	1.000000
0.133776	5.385474	2.334203	1.000000
0.056876	4.682013	3.186301	1.000000
0.913221	5.486696	3.012000	1.000000
0.833155	4.562208	3.814149	1.000000
6.130126	5.527985	3.804128	1.000000
6.147847	4.602443	4.778832	1.000000
0.585052	5.415252	4.591148	1.000000
0.738476	4.690103	5.338191	1.000000
6.241731	5.377084	5.423730	1.000000
1.358049	0.091054	6.202359	1.000000
2.157174	0.765632	6.171617	1.000000
2.332224	0.015998	0.760445	1.000000
1.585043	0.792417	0.826594	1.000000
1.567048	6.145047	1.564138	1.000000
2.388630	0.835227	1.577208	1.000000
2.318356	6.175660	2.280880	1.000000
1.583126	0.690046	2.329964	1.000000
1.718813	6.190085	3.100666	1.000000
2.361610	0.746015	3.127803	1.000000
2.396681	6.182353	3.899727	1.000000
1.523968	0.698927	3.786041	1.000000
1.500560	6.138832	4.710352	1.000000
2.284720	0.722341	4.601598	1.000000
2.366392	0.102746	5.396909	1.000000
1.496100	0.841036	5.299073	1.000000
1.575886	1.606926	6.209067	1.000000
2.222683	2.374213	6.189648	1.000000
2.325609	1.615102	0.738869	1.000000
1.576030	2.308640	0.722467	1.000000
1.536088	1.559335	1.535544	1.000000
2.288556	2.313841	1.574485	1.000000
2.330049	1.526107	2.313534	1.000000
1.556709	2.314850	2.308646	1.000000
1.553507	1.483107	3.121715	1.000000
2.355317	2.207565	3.056101	1.000000
2.386529	1.584541	3.866149	1.000000
1.582776	2.296813	3.831673	1.000000
1.599547	1.554884	4.602407	1.000000
2.336369	2.252605	4.636816	1.000000
2.279090	1.475133	5.403581	1.000000
1.604178	2.307476	5.347128	1.000000
1.381563	3.069530	6.234160	1.000000
2.331404	3.800824	6.167022	1.000000
2.385212	3.082978	0.852966	1.000000
1.609392	3.793371	0.683545	1.000000
1.536243	3.131167	1.463327	1.000000
2.295124	3.860298	1.486625	1.000000
2.437848	3.066291	2.232604	1.000000
1.554781	3.910475	2.323479	1.000000
1.721590	3.105267	2.973482	1.000000
2.457924	4.058172	2.919147	1.000000
2.322789	2.981679	3.843310	1.000000
1.692868	3.853588	3.868016	1.000000
1.689300	3.128477	4.658031	1.000000
2.307849	3.997193	4.796396	1.000000
2.359418	3.112441	5.402577	1.000000
1.532506	3.812171	5.516846	1.000000
1.661664	4.585214	6.140974	1.000000
2.390243	5.431157	0.162534	1.000000
2.270630	4.586932	0.791359	1.000000
1.584984	5.428768	0.807201	1.000000
1.568127	4.672691	1.583702	1.000000
2.376764	5.555800	1.471015	1.000000
2.469933	4.803677	2.191331	1.000000
1.627369	5.433009	2.308179	1.000000
1.629807	4.661012	3.125961	1.000000
2.367989	5.425452	3.019304	1.000000
2.386395	4.681503	3.841522	1.000000
1.680720	5.436409	3.769953	1.000000
1.457489	4.831575	4.636090	1.000000
2.321823	5.497524	4.667216	1.000000
2.440097	4.729907	5.487551	1.000000
1.523597	5.479440	5.484867	1.000000
2.995770	0.024466	6.209995	1.000000
3.864221	0.721631	6.201555	1.000000
3.921593	0.066109	0.751381	1.000000
3.157649	0.727044	0.746727	1.000000
3.103124	0.102431	1.542065	1.000000
3.882055	0.804768	1.504480	1.000000
3.954191	0.009850	2.261414	1.000000
3.167016	0.753777	2.305523	1.000000
3.092620	6.183392	3.082181	1.000000
3.912380	0.675640	3.043873	1.000000
3.954330	6.223231	3.827827	1.000000
3.116373	0.758060	3.862677	1.000000
3.144486	0.060836	4.601462	1.000000
3.848048	0.818834	4.592776	1.000000
3.925999	6.223615	5.460919	1.000000
3.177534	0.738640	5.425070	1.000000
2.932532	1.442391	6.181598	1.000000
3.867846	2.298851	6.143504	1.000000
3.753577	1.527743	0.574872	1.000000
3.039465	2.321550	0.758601	1.000000
3.137513	1.605454	1.458130	1.000000
4.038521	2.288942	1.544081	1.000000
3.953696	1.490490	2.275562	1.000000
3.151909	2.286206	2.311269	1.000000
3.129900	1.472363	3.087461	1.000000
3.878653	2.251894	3.034442	1.000000
3.843421	1.515170	3.867672	1.000000
3.130048	2.326945	3.907793	1.000000
3.095548	1.577667	4.610054	1.000000
3.947352	2.235723	4.610966	1.000000
3.851732	1.476786	5.491319	1.000000
3.010332	2.256421	5.492394	1.000000
3.060223	3.035778	0.002899	1.000000
3.940713	3.832697	0.161397	1.000000
3.861893	2.946175	0.686912	1.000000
3.034789	3.850494	0.762874	1.000000
3.163373	3.061605	1.511960	1.000000
3.910998	3.942493	1.248453	1.000000
3.993179	3.049172	2.312779	1.000000
3.260382	3.884797	2.340583	1.000000
3.130992	3.116622	3.174639	1.000000
3.960316	3.734038	3.050209	1.000000
3.919615	3.165067	3.934703	1.000000
3.105009	3.894660	3.928551	1.000000
3.163078	3.141675	4.646643	1.000000
3.893428	3.873291	4.788679	1.000000
3.770869	3.089837	5.479857	1.000000
3.091754	3.887248	5.451475	1.000000
3.185313	4.706450	0.130975	1.000000
3.857286	5.496700	6.218193	1.000000
3.943514	4.833292	0.784474	1.000000
3.190642	5.564744	0.755296	1.000000
3.114246	4.773537	1.413999	1.000000
3.863278	5.548373	1.547572	1.000000
3.850019	4.689420	2.230949	1.000000
3.155868	5.607311	2.260514	1.000000
3.274119	4.687428	3.122613	1.000000
3.986795	5.502478	2.979903	1.000000
3.952968	4.553933	3.875689	1.000000
3.229093	5.463334	3.831039	1.000000
3.139520	4.738514	4.711044	1.000000
3.860183	5.577047	4.632728	1.000000
3.951556	4.679307	5.422419	1.000000
3.110246	5.535558	5.389098	1.000000
4.750900	0.051795	6.135976	1.000000
5.549174	0.766015	6.091139	1.000000
5.495627	0.032920	0.595444	1.000000
4.668057	0.761761	0.650944	1.000000
4.768521	6.206139	1.507322	1.000000
5.438689	0.812003	1.598453	1.000000
5.468897	0.042732	2.270911	1.000000
4.690632	0.763302	2.392997	1.000000
4.714850	6.198459	3.076954	1.000000
5.449703	0.707216	3.062588	1.000000
5.463237	0.061249	3.863163	1.000000
4.668598	0.788163	3.733005	1.000000
4.721469	6.194872	4.574192	1.000000
5.499592	0.736524	4.646399	1.000000
5.493502	6.198985	5.368331	1.000000
4.724893	0.739901	5.394388	1.000000
4.737191	1.572297	0.037588	1.000000
5.535872	2.389511	0.068032	1.000000
5.525753	1.609878	0.749427	1.000000
4.709847	2.317868	0.794687	1.000000
4.699918	1.485111	1.508320	1.000000
5.439342	2.252482	1.579931	1.000000
5.489091	1.531920	2.416795	1.000000
4.719674	2.265331	2.322361	1.000000
4.645143	1.536967	3.055937	1.000000
5.443431	2.245748	3.216039	1.000000
5.513089	1.441142	3.878601	1.000000
4.639437	2.177689	3.839098	1.000000
4.655440	1.430648	4.644680	1.000000
5.289869	2.250915	4.603478	1.000000
5.443761	1.580555	5.508921	1.000000
4.613886	2.181998	5.406408	1.000000
4.612447	2.972843	6.208573	1.000000
5.426356	3.785952	6.184713	1.000000
5.561508	3.213021	0.755698	1.000000
4.784133	3.846989	0.727695	1.000000
4.749430	3.017450	1.552694	1.000000
5.433806	3.872248	1.521071	1.000000
5.384702	3.086137	2.419596	1.000000
4.601150	3.976466	2.112859	1.000000
4.683255	3.052121	3.233600	1.000000
5.479985	3.801492	3.217546	1.000000
5.426337	3.066125	3.908647	1.000000
4.675188	3.862371	3.827972	1.000000
4.631858	3.139376	4.655749	1.000000
5.571752	3.766805	4.762549	1.000000
5.503725	2.964976	5.398878	1.000000
4.708619	3.700992	5.488005	1.000000
4.757304	4.745364	6.242527	1.000000
5.476108	5.477881	6.154722	1.000000
5.599551	4.808088	0.742584	1.000000
4.673324	5.573359	0.673018	1.000000
4.780222	4.710904	1.334493	1.000000
5.540739	5.464313	1.520426	1.000000
5.495355	4.414488	2.362104	1.000000
4.651268	5.437889	2.212985	1.000000
4.671652	4.676111	2.987281	1.000000
5.397124	5.397286	2.993426	1.000000
5.578815	4.623717	3.925816	1.000000
4.789074	5.388021	3.946980	1.000000
4.795553	4.398378	4.711642	1.000000
5.555741	5.472041	4.623163	1.000000
5.445585	4.628160	5.524914	1.000000
4.753301	5.381885	5.451779	1.000000
