256
0.000000 9.227796
0.000000 9.227796
0.000000 9.227796
0.060936	0.061397	0.080018	1.000000
1.153475	1.153475	0.000000	1.000000
1.150577	0.043131	1.147008	1.000000
0.000000	1.153475	1.153475	1.000000
9.204099	9.219275	2.352263	1.000000
1.153475	1.153475	2.306950	1.000000
1.150459	0.021030	3.502153	1.000000
9.200630	1.165542	3.430772	1.000000
0.024339	0.022135	4.600854	1.000000
1.246428	1.077967	4.586856	1.000000
1.167914	9.206994	5.808837	1.000000
0.009745	1.151848	5.775021	1.000000
0.000000	0.000000	6.920846	1.000000
1.153475	1.153475	6.920846	1.000000
1.161010	0.040534	8.100220	1.000000
9.221719	1.177496	8.064077	1.000000
0.047401	2.225614	0.027375	1.000000
1.153475	3.460423	0.000000	1.000000
1.148830	2.335042	1.179227	1.000000
0.000000	3.460423	1.153475	1.000000
0.000000	2.306950	2.306950	1.000000
1.162432	3.441246	2.293151	1.000000
1.153475	2.306950	3.460423	1.000000
0.028760	3.454377	3.455937	1.000000
0.000000	2.306950	4.613898	1.000000
1.144935	3.426563	4.587978	1.000000
1.108352	2.351471	5.781761	1.000000
0.000000	3.460423	5.767373	1.000000
9.133951	2.294095	6.817057	1.000000
1.176260	3.490177	6.939736	1.000000
1.139899	2.236950	8.044921	1.000000
0.013030	3.409665	7.991239	1.000000
0.000213	4.631697	0.011975	1.000000
1.152444	5.766955	9.226123	1.000000
1.138892	4.600417	1.159175	1.000000
0.000000	5.767373	1.153475	1.000000
0.000000	4.613898	2.306950	1.000000
1.153475	5.767373	2.306950	1.000000
1.148792	4.574483	3.423881	1.000000
9.217459	5.776087	3.459307	1.000000
0.002569	4.600998	4.583570	1.000000
1.153475	5.767373	4.613898	1.000000
1.205724	4.564326	5.727980	1.000000
0.000000	5.767373	5.767373	1.000000
9.220569	4.653400	6.969986	1.000000
1.127314	5.783483	6.931072	1.000000
1.236208	4.631219	8.150880	1.000000
0.005307	5.761347	8.075779	1.000000
9.227077	6.932502	9.221256	1.000000
1.153475	8.074321	0.000000	1.000000
1.162802	6.903291	1.132569	1.000000
0.000000	8.074321	1.153475	1.000000
0.096033	6.867555	2.322032	1.000000
1.170761	8.086232	2.277183	1.000000
1.153475	6.920846	3.460423	1.000000
0.000000	8.074321	3.460423	1.000000
9.215717	6.909751	4.611768	1.000000
1.153475	8.074321	4.613898	1.000000
1.157992	6.947339	5.746641	1.000000
0.000000	8.074321	5.767373	1.000000
0.069442	6.918389	6.943649	1.000000
1.153475	8.074321	6.920846	1.000000
1.153475	6.920846	8.074321	1.000000
9.208115	8.056570	8.102792	1.000000
2.339893	9.210143	0.001511	1.000000
3.478495	1.077634	9.146041	1.000000
3.464297	0.001538	1.147848	1.000000
2.306950	1.153475	1.153475	1.000000
2.306950	0.000000	2.306950	1.000000
3.501855	1.195712	2.256355	1.000000
3.460423	0.000000	3.460423	1.000000
2.311693	1.137602	3.495488	1.000000
2.303016	0.003900	4.616166	1.000000
3.460423	1.153475	4.613898	1.000000
3.477416	0.023241	5.688907	1.000000
2.295251	1.174446	5.772852	1.000000
2.303279	9.219206	6.894687	1.000000
3.424126	1.156480	6.918240	1.000000
3.445574	0.018360	8.062983	1.000000
2.325466	1.197090	8.033086	1.000000
2.329723	2.276576	9.204070	1.000000
3.460423	3.460423	0.000000	1.000000
3.460423	2.306950	1.153475	1.000000
2.235657	3.403004	1.218632	1.000000
2.306950	2.306950	2.306950	1.000000
3.460423	3.460423	2.306950	1.000000
3.454927	2.296804	3.471094	1.000000
2.312480	3.461287	3.458198	1.000000
2.248078	2.351943	4.629371	1.000000
3.345008	3.492500	4.592511	1.000000
3.470290	2.304076	5.760170	1.000000
2.320498	3.449510	5.750986	1.000000
2.269912	2.294926	6.917301	1.000000
3.460423	3.460423	6.920846	1.000000
3.472268	2.315359	8.080446	1.000000
2.271537	3.455260	8.093091	1.000000
2.343600	4.609131	0.011135	1.000000
3.477398	5.776534	0.007719	1.000000
3.425237	4.591556	1.183278	1.000000
2.299974	5.763711	1.152494	1.000000
2.287182	4.594534	2.305021	1.000000
3.461587	5.722458	2.405688	1.000000
3.474772	4.662921	3.488026	1.000000
2.306950	5.767373	3.460423	1.000000
2.244202	4.628059	4.679290	1.000000
3.474169	5.779071	4.614715	1.000000
3.460423	4.613898	5.767373	1.000000
2.306950	5.767373	5.767373	1.000000
2.306950	4.613898	6.920846	1.000000
3.451109	5.794772	6.930683	1.000000
3.460423	4.613898	8.074321	1.000000
2.286974	5.757456	8.095767	1.000000
2.281356	6.943731	9.220791	1.000000
3.460423	8.074321	0.000000	1.000000
3.454341	6.934065	1.147385	1.000000
2.397656	7.965697	1.123659	1.000000
2.283031	6.923772	2.301988	1.000000
3.466496	8.068521	2.312381	1.000000
3.449484	6.920470	3.479187	1.000000
2.285514	8.122132	3.463199	1.000000
2.306950	6.920846	4.613898	1.000000
3.465242	8.070735	4.608291	1.000000
3.463784	6.928247	5.715866	1.000000
2.303345	8.070042	5.774101	1.000000
2.273293	7.007694	6.905248	1.000000
3.460423	8.074321	6.920846	1.000000
3.392713	6.846695	8.172040	1.000000
2.308704	8.083468	8.057760	1.000000
4.605380	0.001986	0.007369	1.000000
5.767373	1.153475	0.000000	1.000000
5.787309	0.002678	1.143827	1.000000
4.613898	1.153475	1.153475	1.000000
4.598789	0.001095	2.319953	1.000000
5.694433	1.100494	2.287380	1.000000
5.767373	0.000000	3.460423	1.000000
4.613898	1.153475	3.460423	1.000000
4.691435	0.024236	4.542754	1.000000
5.821544	1.133183	4.695512	1.000000
5.843074	9.152101	5.817182	1.000000
4.613898	1.153475	5.767373	1.000000
4.634282	0.061339	6.961930	1.000000
5.763814	1.196042	6.869071	1.000000
5.695080	0.029909	8.122188	1.000000
4.582067	1.145706	8.104079	1.000000
4.520855	2.278426	9.143845	1.000000
5.767373	3.460423	0.000000	1.000000
5.779391	2.321704	1.164124	1.000000
4.653688	3.456114	1.089362	1.000000
4.620687	2.315830	2.289235	1.000000
5.757697	3.503782	2.269022	1.000000
5.778379	2.343024	3.492011	1.000000
4.609501	3.456184	3.465745	1.000000
4.613898	2.306950	4.613898	1.000000
5.783312	3.559373	4.652070	1.000000
5.767373	2.306950	5.767373	1.000000
4.613898	3.460423	5.767373	1.000000
4.637452	2.311377	6.956281	1.000000
5.840580	3.378356	6.892245	1.000000
5.767373	2.306950	8.074321	1.000000
4.587701	3.447145	8.078361	1.000000
4.580416	4.590267	9.201981	1.000000
5.772323	5.769566	9.221957	1.000000
5.767373	4.613898	1.153475	1.000000
4.592621	5.794055	1.201870	1.000000
4.614051	4.602043	2.304233	1.000000
5.761335	5.765174	2.310278	1.000000
5.767373	4.613898	3.460423	1.000000
4.618159	5.748282	3.414763	1.000000
4.613898	4.613898	4.613898	1.000000
5.743492	5.777852	4.563958	1.000000
5.767373	4.613898	5.767373	1.000000
4.728242	5.647955	5.775628	1.000000
4.626925	4.604882	6.906865	1.000000
5.870133	5.797929	7.041626	1.000000
5.767373	4.613898	8.074321	1.000000
4.642181	5.749244	8.049508	1.000000
4.613898	6.920846	0.000000	1.000000
5.767373	8.074321	0.000000	1.000000
5.793321	6.908436	1.187749	1.000000
4.613898	8.074321	1.153475	1.000000
4.595181	6.912790	2.229226	1.000000
5.729798	8.076747	2.344529	1.000000
5.767373	6.920846	3.460423	1.000000
4.613898	8.074321	3.460423	1.000000
4.613898	6.920846	4.613898	1.000000
5.753326	8.082375	4.600484	1.000000
5.767373	6.920846	5.767373	1.000000
4.613898	8.074321	5.767373	1.000000
4.613898	6.920846	6.920846	1.000000
5.767373	8.074321	6.920846	1.000000
5.767373	6.920846	8.074321	1.000000
4.500878	8.068260	8.016463	1.000000
6.899091	9.211754	9.178493	1.000000
8.074321	1.153475	0.000000	1.000000
8.074321	0.000000	1.153475	1.000000
6.910950	1.127839	1.133374	1.000000
6.985638	9.169298	2.308031	1.000000
8.074321	1.153475	2.306950	1.000000
8.085449	0.010925	3.446606	1.000000
6.921640	1.162442	3.493766	1.000000
6.924580	0.019340	4.667555	1.000000
8.103213	1.088797	4.613443	1.000000
8.074321	0.000000	5.767373	1.000000
6.920846	1.153475	5.767373	1.000000
6.927861	0.015427	6.904284	1.000000
8.074321	1.153475	6.920846	1.000000
8.055362	0.012802	8.080822	1.000000
6.920846	1.153475	8.074321	1.000000
6.962005	2.269800	0.038232	1.000000
8.074321	3.460423	0.000000	1.000000
8.024891	2.420832	1.215249	1.000000
6.920846	3.460423	1.153475	1.000000
6.920846	2.306950	2.306950	1.000000
8.074321	3.460423	2.306950	1.000000
8.074321	2.306950	3.460423	1.000000
6.915401	3.506251	3.543121	1.000000
6.958239	2.288402	4.565090	1.000000
8.038338	3.484811	4.556678	1.000000
8.083712	2.298555	5.757194	1.000000
6.919161	3.461257	5.769157	1.000000
6.920846	2.306950	6.920846	1.000000
8.051832	3.440501	6.893419	1.000000
8.121963	2.315007	8.089730	1.000000
6.920846	3.460423	8.074321	1.000000
6.921862	4.647925	0.003787	1.000000
8.065860	5.777531	0.004079	1.000000
8.074321	4.613898	1.153475	1.000000
6.950501	5.789815	1.156820	1.000000
6.919078	4.612567	2.305757	1.000000
8.067758	5.773402	2.323932	1.000000
8.073010	4.601897	3.470231	1.000000
6.865209	5.722043	3.425125	1.000000
6.872787	4.643818	4.708946	1.000000
8.074321	5.767373	4.613898	1.000000
8.096402	4.515974	5.790624	1.000000
6.920846	5.767373	5.767373	1.000000
6.942234	4.598299	6.899363	1.000000
8.074521	5.758115	6.914570	1.000000
8.074321	4.613898	8.074321	1.000000
6.920846	5.767373	8.074321	1.000000
6.943775	6.938967	9.183549	1.000000
8.074321	8.074321	0.000000	1.000000
8.074337	6.920936	1.155995	1.000000
6.917651	8.080990	1.153040	1.000000
6.920846	6.920846	2.306950	1.000000
8.078450	8.077690	2.308157	1.000000
8.079570	6.953035	3.425507	1.000000
6.920846	8.074321	3.460423	1.000000
6.920846	6.920846	4.613898	1.000000
8.094679	8.109239	4.651688	1.000000
8.048877	6.933086	5.817737	1.000000
6.920846	8.074321	5.767373	1.000000
6.910095	6.925054	6.928546	1.000000
8.153182	7.974999	6.929797	1.000000
8.074321	6.920846	8.074321	1.000000
6.920846	8.074321	8.074321	1.000000
