256
0.000000 6.619474
0.000000 6.619474
0.000000 6.619474
0.004211	0.019108	6.464324	1.000000
0.951212	0.635706	0.225631	1.000000
0.767137	6.487414	0.956041	1.000000
0.074780	0.632020	1.020672	1.000000
6.361248	6.418831	1.725389	1.000000
0.938699	0.876111	1.765842	1.000000
1.083109	0.086598	2.665210	1.000000
6.567744	0.714848	2.330884	1.000000
0.112943	0.122692	3.389257	1.000000
0.823723	1.105311	3.343067	1.000000
0.781216	0.237414	4.276206	1.000000
6.566595	0.970497	3.907153	1.000000
6.567296	0.263815	4.831373	1.000000
0.955830	0.957845	5.090848	1.000000
0.931996	0.117732	5.648980	1.000000
0.001054	0.752053	5.759187	1.000000
0.198723	1.327496	0.291669	1.000000
0.705709	2.373009	6.488596	1.000000
0.956588	1.903310	0.841390	1.000000
0.122455	2.664104	0.631854	1.000000
0.035591	1.880121	1.562478	1.000000
1.212858	2.564420	1.655334	1.000000
0.902881	1.838892	2.270525	1.000000
6.539077	2.517553	2.367344	1.000000
6.534191	1.756725	3.200091	1.000000
0.728757	2.520847	3.132729	1.000000
0.866231	1.656041	4.261138	1.000000
0.168081	2.346497	4.010059	1.000000
0.082879	1.397375	4.847031	1.000000
0.717475	2.562219	4.866417	1.000000
0.660953	1.532383	5.902588	1.000000
6.555954	2.605244	5.715193	1.000000
6.594422	3.489910	0.086584	1.000000
0.886415	3.978770	0.148164	1.000000
1.083546	3.332083	0.998477	1.000000
0.234560	4.029551	0.949448	1.000000
0.196051	3.293644	1.677171	1.000000
0.864910	4.000438	1.968449	1.000000
0.674845	3.494020	2.873599	1.000000
6.612919	4.200087	2.531719	1.000000
6.299732	3.102161	3.469699	1.000000
0.906149	4.410237	3.343989	1.000000
0.802092	3.296733	4.181631	1.000000
6.590450	4.096231	4.053097	1.000000
0.123016	3.472808	4.993589	1.000000
1.059553	4.035846	4.888490	1.000000
0.860625	3.189606	5.856948	1.000000
0.305093	4.134334	5.814805	1.000000
0.434869	4.856129	6.599575	1.000000
0.842785	6.060635	6.615319	1.000000
0.902743	4.874509	0.873959	1.000000
0.198568	5.639564	1.042081	1.000000
0.112296	4.767004	1.658301	1.000000
1.114935	5.844579	1.840060	1.000000
0.626028	5.014449	2.588943	1.000000
6.455768	5.727078	2.466553	1.000000
0.024069	4.887017	3.424127	1.000000
0.761691	5.846489	3.231697	1.000000
0.743528	5.031403	4.122363	1.000000
0.080691	5.973351	4.088224	1.000000
0.211768	4.704343	4.908565	1.000000
0.869113	5.846564	4.721615	1.000000
1.078881	4.973259	5.645918	1.000000
0.345918	5.761607	5.709586	1.000000
1.779010	0.033968	6.618763	1.000000
2.443410	1.031627	6.505350	1.000000
2.563774	6.544948	0.699870	1.000000
1.768045	0.812207	0.774909	1.000000
1.759194	6.618588	1.507053	1.000000
2.521100	0.869798	1.569355	1.000000
2.362307	0.026493	2.314003	1.000000
1.693774	0.977380	2.471204	1.000000
1.905440	0.203637	3.312423	1.000000
2.459839	1.098581	3.120724	1.000000
2.528916	0.058593	4.201936	1.000000
1.807006	0.921076	4.075707	1.000000
1.623445	0.166645	4.905273	1.000000
2.744628	0.766336	4.968114	1.000000
2.422209	0.025404	5.603712	1.000000
1.856822	0.969379	5.665217	1.000000
1.631078	1.774473	6.452653	1.000000
2.481026	2.307627	6.343371	1.000000
2.496837	1.790564	0.818128	1.000000
1.706409	2.678305	0.556218	1.000000
1.743608	1.671059	1.599302	1.000000
2.521321	2.541916	1.680528	1.000000
2.640444	1.758068	2.294368	1.000000
1.608426	2.894436	2.548677	1.000000
1.610040	1.859831	3.024816	1.000000
2.368740	2.676812	3.251760	1.000000
2.487454	1.709356	3.954135	1.000000
1.362818	2.469563	3.910089	1.000000
1.747697	1.623038	4.876275	1.000000
2.407063	2.384893	4.935467	1.000000
2.635955	1.610328	5.576666	1.000000
1.692959	2.426443	5.652913	1.000000
1.801948	3.413783	6.489128	1.000000
2.718654	4.113025	6.574318	1.000000
2.600799	3.197301	0.890155	1.000000
1.730018	4.108875	0.701936	1.000000
1.851035	3.441815	1.639010	1.000000
2.758289	4.069742	1.493227	1.000000
2.716259	3.384248	2.410112	1.000000
1.802777	4.044329	2.680436	1.000000
1.635024	3.415863	3.447027	1.000000
2.712655	3.878984	3.453289	1.000000
2.501710	3.239649	4.379877	1.000000
1.783129	4.277251	4.092895	1.000000
1.552396	3.136130	4.914668	1.000000
2.272868	4.083738	4.945494	1.000000
2.531833	3.261344	5.674068	1.000000
1.650191	4.138360	5.811818	1.000000
1.692227	5.129409	6.476900	1.000000
2.427841	5.900078	6.431540	1.000000
2.318773	4.943676	0.751414	1.000000
1.643386	5.737874	0.903493	1.000000
1.770794	4.827298	1.598851	1.000000
2.429410	5.626801	1.549569	1.000000
2.358250	4.882932	2.546950	1.000000
1.748091	5.757672	2.612357	1.000000
1.836685	5.198080	3.496698	1.000000
2.711402	5.658527	3.330323	1.000000
2.767845	4.845735	4.024265	1.000000
1.596498	6.080608	3.974994	1.000000
1.685923	5.209804	4.602239	1.000000
2.386377	5.929226	4.895765	1.000000
2.549479	4.956275	5.649136	1.000000
1.499954	5.887121	5.595852	1.000000
3.143682	0.059260	6.448058	1.000000
3.973688	0.754868	6.598464	1.000000
3.834966	0.058218	0.683292	1.000000
3.127697	0.849144	0.753309	1.000000
3.123280	6.587350	1.652635	1.000000
3.898007	0.857114	1.533811	1.000000
4.219106	6.529118	2.585071	1.000000
3.328895	0.704688	2.453026	1.000000
3.279835	0.022442	3.347312	1.000000
3.977151	0.746215	3.231146	1.000000
4.060776	0.156780	4.110601	1.000000
3.277506	0.876311	4.126497	1.000000
3.323291	6.463845	4.929529	1.000000
3.984142	0.814823	4.909502	1.000000
3.936038	6.490634	5.740736	1.000000
3.403879	0.815950	5.733691	1.000000
3.298355	1.639656	0.036304	1.000000
4.224595	2.326556	6.507044	1.000000
4.580497	1.501071	0.579338	1.000000
3.434048	2.559505	0.589934	1.000000
3.452845	1.751304	1.655323	1.000000
4.215451	2.429449	1.504295	1.000000
4.247432	1.536111	2.478495	1.000000
3.429179	2.634321	2.151332	1.000000
3.352343	1.723781	3.085635	1.000000
4.163840	2.355596	3.129157	1.000000
3.861106	1.710439	3.957214	1.000000
3.189965	2.487030	4.193910	1.000000
3.365151	1.692477	4.834098	1.000000
4.144025	2.450039	4.811988	1.000000
4.066429	1.721071	5.682958	1.000000
3.291246	2.471352	5.685687	1.000000
3.564570	3.480725	6.593429	1.000000
4.395403	4.080115	0.193718	1.000000
4.320651	3.052918	0.680017	1.000000
3.533496	4.163612	0.771373	1.000000
3.662574	3.363627	1.384037	1.000000
4.347226	4.087955	1.466436	1.000000
4.200030	3.298410	2.372468	1.000000
3.639171	4.151629	2.216588	1.000000
3.331679	3.025368	3.323240	1.000000
3.907900	4.102286	3.243458	1.000000
4.013778	3.315854	4.091014	1.000000
3.241165	4.006326	4.310337	1.000000
3.450086	3.289863	4.997042	1.000000
4.081169	4.159499	4.934204	1.000000
4.424286	3.452706	5.902801	1.000000
3.250681	4.151013	5.622806	1.000000
3.324492	4.934259	6.584546	1.000000
4.148020	5.651895	6.420455	1.000000
4.142091	5.007521	1.017293	1.000000
3.231327	5.606099	0.779559	1.000000
3.217864	5.017127	1.778597	1.000000
3.852268	5.849336	1.587607	1.000000
4.286549	5.020109	2.498459	1.000000
3.277051	5.983698	2.505073	1.000000
3.306200	4.901392	2.956180	1.000000
3.944536	5.651878	3.199966	1.000000
3.760662	4.871680	3.887227	1.000000
3.297459	5.742853	4.231813	1.000000
3.453758	5.043717	4.978985	1.000000
4.125146	5.777937	4.830023	1.000000
4.211693	4.834318	5.767128	1.000000
3.203701	5.758965	5.780319	1.000000
5.015535	6.528728	6.479287	1.000000
5.904051	0.918435	0.152035	1.000000
5.664100	6.585785	0.694674	1.000000
4.754089	0.511518	0.676131	1.000000
4.677917	0.046325	1.644156	1.000000
5.730669	0.754954	1.523501	1.000000
5.891235	6.572004	2.716824	1.000000
5.175490	0.742698	2.485278	1.000000
4.989613	6.575916	3.397495	1.000000
5.798166	0.798868	3.276339	1.000000
5.715446	6.411392	4.273810	1.000000
4.878296	0.732892	4.200569	1.000000
4.748605	0.004862	5.008169	1.000000
5.583022	0.622092	4.915862	1.000000
5.862170	6.141465	5.889205	1.000000
4.923657	0.798918	5.951990	1.000000
5.124147	1.793228	6.390077	1.000000
5.923368	2.697272	6.501455	1.000000
5.934313	1.737384	0.755822	1.000000
5.293841	2.504868	0.638340	1.000000
5.003720	1.516330	1.614771	1.000000
5.817701	2.474451	1.570971	1.000000
5.636949	1.703244	2.393199	1.000000
4.945384	2.487295	2.349670	1.000000
4.778478	1.513450	3.561281	1.000000
5.418120	2.348774	3.315468	1.000000
5.755645	1.821057	4.124365	1.000000
4.989791	2.767220	4.121741	1.000000
4.997153	1.870646	4.936008	1.000000
5.811010	2.560028	4.942138	1.000000
5.812655	1.582472	5.653460	1.000000
4.942712	2.566091	5.746717	1.000000
5.260276	3.461227	0.146948	1.000000
5.921747	4.309378	6.472253	1.000000
5.900255	3.358969	0.985570	1.000000
5.241499	4.218942	0.873134	1.000000
5.022292	3.123557	1.527787	1.000000
5.915038	4.186200	1.752939	1.000000
5.612677	3.421942	2.549009	1.000000
4.792022	4.160476	2.664804	1.000000
4.785778	3.148301	3.197143	1.000000
5.890106	4.093390	3.245162	1.000000
5.742732	3.586110	4.201823	1.000000
4.973036	4.094401	3.734001	1.000000
4.969257	3.417539	4.959316	1.000000
5.947955	4.153340	5.016890	1.000000
5.721313	3.285520	5.640830	1.000000
5.052875	4.229371	5.973639	1.000000
5.018084	5.106990	0.275686	1.000000
5.850448	5.686682	0.253336	1.000000
6.065169	4.838669	0.806255	1.000000
4.870044	5.792056	1.061555	1.000000
5.046372	4.755274	1.768255	1.000000
5.828744	5.390261	1.629905	1.000000
5.859549	4.938761	2.648246	1.000000
5.231704	5.828638	2.485098	1.000000
5.010542	5.245371	3.427369	1.000000
5.886999	5.778352	3.411648	1.000000
5.719987	4.633959	4.131463	1.000000
5.120072	5.518225	4.403190	1.000000
5.119575	4.771033	5.112999	1.000000
6.199864	5.781441	4.956801	1.000000
6.132133	4.931312	5.668037	1.000000
4.947310	5.552291	5.759783	1.000000
