256
0.000000 7.528288
0.000000 7.528288
0.000000 7.528288
5.395135	7.054842	1.655208	1.000000
6.829886	0.262604	7.305395	1.000000
3.715961	3.582478	0.476534	1.000000
4.874694	0.716616	6.872226	1.000000
6.729115	3.519595	7.176242	1.000000
3.584298	3.172903	2.555652	1.000000
3.189424	5.703991	3.434172	1.000000
5.527628	5.617279	5.778307	1.000000
0.936314	7.176826	4.313121	1.000000
5.831777	0.614777	0.184293	1.000000
4.006552	1.388535	3.638045	1.000000
4.397012	0.964452	5.977840	1.000000
1.639968	5.068745	4.005387	1.000000
1.914720	0.538824	7.286484	1.000000
1.451857	4.694133	2.829536	1.000000
6.926858	0.119849	6.192388	1.000000
0.736448	0.570140	1.589727	1.000000
0.024548	4.161736	7.254508	1.000000
0.436308	1.940026	7.353661	1.000000
2.769777	1.366312	0.534116	1.000000
1.519863	3.816203	4.769903	1.000000
7.511471	4.733796	2.742562	1.000000
0.334262	5.390573	5.003222	1.000000
7.357882	1.573706	2.673038	1.000000
0.995315	2.837510	0.281320	1.000000
5.851850	5.783562	0.083365	1.000000
3.415246	0.091412	0.709870	1.000000
0.971239	1.816044	3.310525	1.000000
2.332796	5.922161	7.061771	1.000000
0.804913	4.404753	5.277517	1.000000
4.840620	0.352409	1.034124	1.000000
0.342351	5.452210	2.043560	1.000000
0.881127	5.974963	7.372579	1.000000
3.144491	3.973337	1.165705	1.000000
0.140161	3.380677	0.658493	1.000000
5.350633	2.176118	4.879040	1.000000
4.325102	2.309723	5.666608	1.000000
6.797356	4.746669	2.063193	1.000000
3.404218	4.342898	2.127115	1.000000
7.082855	1.397272	5.488296	1.000000
2.762887	5.347936	4.633436	1.000000
6.290458	4.113282	1.397929	1.000000
7.510002	2.253908	1.806491	1.000000
3.335493	5.990206	0.622018	1.000000
5.825368	0.504037	1.221421	1.000000
2.305889	6.520143	5.478967	1.000000
3.724288	7.516777	7.218613	1.000000
1.919018	0.625217	0.926190	1.000000
3.171180	2.663010	7.416086	1.000000
4.636135	6.567053	5.669626	1.000000
4.715796	2.793339	6.766676	1.000000
5.038860	5.672160	0.708326	1.000000
4.187770	6.005606	1.748085	1.000000
0.215252	7.437706	6.998532	1.000000
4.196678	4.663033	1.442175	1.000000
0.572527	6.606337	6.550440	1.000000
6.954704	5.369917	0.032239	1.000000
5.185517	1.338610	0.625900	1.000000
2.330799	5.479962	5.689460	1.000000
6.008630	4.932283	4.909748	1.000000
2.812859	2.714933	4.194980	1.000000
5.343752	4.942569	7.292074	1.000000
0.059579	6.805008	3.719113	1.000000
2.470520	1.618841	6.119538	1.000000
1.970682	1.723289	7.188311	1.000000
3.753723	4.962298	6.787338	1.000000
0.307214	0.668476	3.962916	1.000000
0.667660	0.923025	3.000688	1.000000
4.730428	4.883354	5.687301	1.000000
6.513656	4.698021	6.630423	1.000000
6.508707	2.280357	5.017110	1.000000
6.352531	1.142929	4.047331	1.000000
2.804814	4.991193	0.580671	1.000000
6.568409	6.481207	5.473276	1.000000
1.170999	1.950427	2.294400	1.000000
2.967114	0.126152	6.523929	1.000000
4.586242	5.627029	6.475179	1.000000
2.999247	2.851665	0.950879	1.000000
4.933509	0.591356	4.089267	1.000000
3.678422	1.268345	4.643955	1.000000
3.128282	6.460858	6.707872	1.000000
6.650751	2.937172	0.652437	1.000000
4.431370	4.091863	4.872585	1.000000
0.109530	5.899201	1.043533	1.000000
3.818732	2.688038	4.696681	1.000000
5.534636	4.081016	5.252074	1.000000
1.775263	4.849638	6.678930	1.000000
3.157016	1.190247	1.555235	1.000000
2.570860	6.947257	0.654379	1.000000
2.070162	2.587303	2.017098	1.000000
5.651802	0.365515	5.855517	1.000000
2.768512	4.255476	7.389758	1.000000
2.485242	5.201146	1.767984	1.000000
0.011882	2.393189	5.235149	1.000000
5.775456	1.948596	7.339040	1.000000
4.656588	1.889498	7.288663	1.000000
3.530466	3.726101	4.522621	1.000000
3.325173	0.842030	5.493289	1.000000
2.906389	4.850045	6.278906	1.000000
6.828640	2.807811	2.780516	1.000000
0.428039	6.843576	1.557974	1.000000
5.577678	7.256595	6.721931	1.000000
4.539991	6.790973	2.307720	1.000000
1.778424	6.764539	7.129450	1.000000
6.517719	0.095386	3.998701	1.000000
3.426774	7.027421	1.861341	1.000000
4.476914	2.851256	2.900774	1.000000
5.357867	2.668070	0.880505	1.000000
4.944836	6.591021	4.637380	1.000000
0.149616	3.418251	4.451187	1.000000
2.997509	0.809109	7.299225	1.000000
2.081928	5.759981	2.948871	1.000000
7.479438	5.789590	2.862274	1.000000
4.083632	5.380378	0.086951	1.000000
4.575506	5.907088	3.663908	1.000000
4.057545	3.490039	1.637685	1.000000
4.009877	2.535972	1.047141	1.000000
1.640820	3.218710	2.686673	1.000000
5.841097	4.080885	2.919920	1.000000
0.197392	7.060064	5.273230	1.000000
5.891275	5.048087	1.553721	1.000000
0.223638	3.950320	5.995273	1.000000
7.151950	0.269044	1.384300	1.000000
5.275567	6.549550	3.037829	1.000000
5.654379	0.076839	4.825867	1.000000
2.318888	2.163401	3.535079	1.000000
5.579656	1.942527	6.025890	1.000000
2.242446	6.933937	2.649620	1.000000
7.128567	6.176110	6.908485	1.000000
1.742388	5.350667	0.493127	1.000000
3.994176	7.340426	5.990492	1.000000
6.812330	3.777641	2.573831	1.000000
6.801965	3.253182	1.693090	1.000000
0.965457	3.988600	0.251500	1.000000
6.625379	1.804984	0.461379	1.000000
0.471926	1.667911	4.390352	1.000000
4.793085	6.410037	7.488174	1.000000
0.967247	2.725737	3.992650	1.000000
4.885633	1.440736	2.897138	1.000000
5.562416	5.506864	3.029746	1.000000
5.847962	3.754629	0.460741	1.000000
5.886198	3.103872	5.366012	1.000000
2.923422	0.275697	2.874213	1.000000
6.517918	3.151572	4.218043	1.000000
1.943321	0.591006	1.988337	1.000000
0.811208	6.092515	4.307658	1.000000
7.162287	4.484478	5.107479	1.000000
0.594405	4.475040	4.218217	1.000000
4.283478	7.092035	0.700066	1.000000
6.824705	6.946998	0.492970	1.000000
0.910096	0.583827	5.008489	1.000000
6.135204	1.938242	1.459638	1.000000
2.254511	4.140313	2.350900	1.000000
6.057235	6.138394	6.602160	1.000000
5.796563	0.241699	2.895571	1.000000
5.946340	1.712214	2.810696	1.000000
2.643865	2.586471	6.514532	1.000000
0.576430	0.042641	0.635940	1.000000
2.265026	6.092762	1.195138	1.000000
4.438415	4.716074	3.554354	1.000000
0.486716	2.116574	0.867936	1.000000
5.314287	1.318477	1.787402	1.000000
3.893820	6.766604	4.650199	1.000000
3.607830	6.961847	3.643266	1.000000
7.090326	4.214619	3.657427	1.000000
0.353514	2.669345	2.807148	1.000000
0.933900	4.404782	6.612655	1.000000
3.403656	0.201040	4.427455	1.000000
4.259272	0.236741	5.061459	1.000000
1.775841	2.324117	4.707013	1.000000
0.982637	1.025866	7.083324	1.000000
5.974633	6.040183	1.778468	1.000000
5.927139	1.273744	5.289942	1.000000
7.330582	2.567145	3.896363	1.000000
6.444016	3.602949	6.123422	1.000000
5.039416	7.429671	0.154559	1.000000
1.527418	4.533952	1.448984	1.000000
5.791291	5.914904	4.436721	1.000000
6.865065	6.565216	1.606541	1.000000
3.150077	4.407402	3.456048	1.000000
1.810123	6.943411	3.600953	1.000000
4.074613	5.961844	2.742799	1.000000
5.296101	3.120736	4.423599	1.000000
1.929756	1.197533	4.071639	1.000000
3.641100	1.707901	6.232361	1.000000
3.268812	4.752110	5.178261	1.000000
0.215135	3.714893	2.036991	1.000000
5.153255	3.455371	1.559190	1.000000
7.072624	0.077290	2.641997	1.000000
0.839037	1.424898	5.475457	1.000000
3.973786	0.466936	3.180285	1.000000
4.178318	4.108747	6.004651	1.000000
7.227383	5.233398	4.069809	1.000000
1.205727	1.574736	1.356460	1.000000
1.428168	6.853714	0.998286	1.000000
6.197205	2.134388	3.915543	1.000000
4.042251	1.756542	1.657994	1.000000
7.376956	2.744453	6.278975	1.000000
6.910285	3.543389	5.105354	1.000000
1.126802	5.477192	1.359201	1.000000
1.874758	1.475878	2.735837	1.000000
3.475241	2.010776	2.524897	1.000000
1.626555	3.531769	1.123400	1.000000
1.913887	2.970959	5.459925	1.000000
4.306219	3.502504	3.780702	1.000000
3.722013	6.023234	5.671122	1.000000
5.345933	3.328776	3.452285	1.000000
7.424365	1.328713	0.346752	1.000000
0.096075	4.424807	1.352857	1.000000
2.494842	6.508967	4.130556	1.000000
0.412123	5.493694	6.502215	1.000000
5.535533	4.157799	4.124572	1.000000
6.545988	5.948586	0.832415	1.000000
1.373367	2.190061	6.433167	1.000000
2.505032	3.585481	4.456166	1.000000
2.068975	0.674057	5.051834	1.000000
5.223688	4.507249	0.956245	1.000000
3.537540	3.643911	7.002244	1.000000
4.435395	4.219228	0.209264	1.000000
2.109883	0.696398	6.088167	1.000000
2.841229	7.438814	5.387762	1.000000
2.724609	2.167403	5.055432	1.000000
1.301884	6.888855	2.097430	1.000000
1.221408	5.777437	5.269619	1.000000
2.653931	3.574391	3.024887	1.000000
0.553227	3.514786	3.245727	1.000000
7.135046	5.684344	5.755530	1.000000
4.682665	4.370721	2.226216	1.000000
1.998595	2.663847	0.507558	1.000000
6.279033	6.668385	2.797004	1.000000
0.626817	5.008631	0.515415	1.000000
1.686574	4.750256	5.063549	1.000000
3.897334	1.224221	0.182460	1.000000
4.817556	1.941869	3.807376	1.000000
3.863895	5.341010	4.271426	1.000000
6.556277	1.117608	2.130824	1.000000
6.774817	0.284825	5.174589	1.000000
6.608749	1.251392	7.146650	1.000000
1.431580	6.418985	6.081475	1.000000
6.556703	6.153204	3.823653	1.000000
1.015439	5.582483	3.114801	1.000000
4.766876	3.224334	5.503934	1.000000
2.983218	5.495593	2.487954	1.000000
7.433402	1.610727	6.576669	1.000000
4.922547	5.537663	4.795694	1.000000
2.879894	1.425293	3.159432	1.000000
6.869548	4.347066	0.554488	1.000000
5.729951	2.894001	6.538040	1.000000
7.211455	6.175107	4.562093	1.000000
3.410763	3.309059	5.946280	1.000000
1.553373	0.312089	3.619341	1.000000
0.926745	3.150703	5.721923	1.000000
1.485903	7.431737	6.198387	1.000000
7.426322	1.264761	1.610436	1.000000
1.926941	3.636478	7.228714	1.000000
2.145226	4.102278	5.779229	1.000000
