# Time    Energy
0.000000	0.000000	0.001000
0.001000	0.000000	0.001000
0.002000	0.000000	0.001000
0.003000	0.122934	0.001000
0.004000	0.407486	0.001000
0.005000	10.112673	0.001000
0.006000	7.081399	0.001000
0.007000	16.178270	0.001000
0.008000	11.024064	0.001000
0.009000	27.434935	0.001000
0.010000	40.278958	0.001000
0.011000	16.103159	0.001000
0.012000	29.508260	0.001000
0.013000	25.083677	0.001000
0.014000	52.292293	0.001000
0.015000	28.176087	0.001000
0.016000	42.643384	0.001000
0.017000	31.018889	0.001000
0.018000	49.631056	0.001000
0.019000	43.929273	0.001000
0.020000	54.538611	0.001000
0.021000	48.623891	0.001000
0.022000	55.830202	0.001000
0.023000	79.683575	0.001000
0.024000	50.416575	0.001000
0.025000	79.249990	0.001000
0.026000	60.037706	0.001000
0.027000	52.971634	0.001000
0.028000	82.338316	0.001000
0.029000	56.149843	0.001000
0.030000	77.879111	0.001000
0.031000	73.362940	0.001000
0.032000	62.953275	0.001000
0.033000	43.086795	0.001000
0.034000	51.254197	0.001000
0.035000	51.799660	0.001000
0.036000	54.880628	0.001000
0.037000	62.110899	0.001000
0.038000	57.342222	0.001000
0.039000	53.396439	0.001000
0.040000	48.601536	0.001000
0.041000	56.476866	0.001000
0.042000	86.286730	0.001000
0.043000	64.799090	0.001000
0.044000	78.597066	0.001000
0.045000	67.014030	0.001000
0.046000	76.222717	0.001000
0.047000	60.216689	0.001000
0.048000	79.359129	0.001000
0.049000	79.352009	0.001000
0.050000	56.943619	0.001000
0.051000	73.846769	0.001000
0.052000	55.394322	0.001000
0.053000	80.842990	0.001000
0.054000	57.851272	0.001000
0.055000	56.523559	0.001000
0.056000	58.080758	0.001000
0.057000	59.556040	0.001000
0.058000	51.010122	0.001000
0.059000	65.432200	0.001000
0.060000	113.793944	0.001000
0.061000	92.150957	0.001000
0.062000	189.569698	0.001000
0.063000	124577.243642	0.001000
0.064000	339897.724256	0.001000
0.065000	82.209789	0.001000
0.066000	82.051947	0.001000
0.067000	74.639469	0.001000
0.068000	75.736867	0.001000
0.069000	78.317705	0.001000
0.070000	95.808668	0.001000
0.071000	80.492530	0.001000
0.072000	80.707059	0.001000
0.073000	68.959231	0.001000
0.074000	71.290763	0.001000
0.075000	62.405957	0.001000
0.076000	91.595909	0.001000
0.077000	92.184768	0.001000
0.078000	105.227643	0.001000
0.079000	189.171059	0.001000
0.080000	8922.338784	0.001000
0.081000	114.580928	0.001000
0.082000	504.558250	0.001000
0.083000	1176203105.513143	0.001000
0.084000	142849133.003976	0.001000
0.085000	3663.541096	0.001000
0.086000	56549310.279797	0.001000
0.087000	18182917.614820	0.001000
0.088000	398.498943	0.001000
0.089000	8061.152959	0.001000
0.090000	4876812.219160	0.001000
0.091000	40798695.229971	0.001000
0.092000	54.465767	0.001000
0.093000	47340383.474417	0.001000
0.094000	4632122081.971493	0.001000
0.095000	2412325.771032	0.001000
0.096000	1337.030185	0.001000
0.097000	8744.576837	0.001000
0.098000	39953006.462444	0.001000
0.099000	12948.852385	0.001000
0.100000	1013881.125859	0.001000
0.101000	1082.749207	0.001000
0.102000	88698.727477	0.001000
0.103000	141065096.960573	0.001000
0.104000	55787.708341	0.001000
0.105000	3844417795.493969	0.001000
0.106000	25732.131089	0.001000
0.107000	21179.334409	0.001000
0.108000	132865.589265	0.001000
0.109000	100411.546852	0.001000
0.110000	182187117.679974	0.001000
0.111000	15031415.815136	0.001000
0.112000	90007.748064	0.001000
0.113000	3432964.925790	0.001000
0.114000	53856.541824	0.001000
0.115000	481462383.237944	0.001000
0.116000	49403816.700030	0.001000
0.117000	8086.042633	0.001000
0.118000	4363598.387378	0.001000
0.119000	30833.929148	0.001000
0.120000	3690.885686	0.001000
0.121000	682.021047	0.001000
0.122000	378.516824	0.001000
0.123000	367712.248248	0.001000
0.124000	32067.101672	0.001000
0.125000	26685.897978	0.001000
0.126000	5656058.125351	0.001000
0.127000	244.489204	0.001000
0.128000	109786.374383	0.001000
0.129000	77528.097241	0.001000
0.130000	17.980369	0.001000
0.131000	23.243370	0.001000
0.132000	21.368907	0.001000
0.133000	21.509645	0.001000
0.134000	333.449238	0.001000
0.135000	7904.194839	0.001000
0.136000	685.853448	0.001000
0.137000	1379.178253	0.001000
0.138000	3471.136357	0.001000
0.139000	414790.472193	0.001000
0.140000	222.804082	0.001000
0.141000	545.545111	0.001000
0.142000	58.149655	0.001000
0.143000	205.243229	0.001000
0.144000	106.398230	0.001000
0.145000	256.221134	0.001000
0.146000	2130122.694661	0.001000
0.147000	1465.439628	0.001000
0.148000	13.645318	0.001000
0.149000	1866.482073	0.001000
0.150000	1742.458590	0.001000
0.151000	2025.953725	0.001000
0.152000	73210.082381	0.001000
0.153000	52.042809	0.001000
0.154000	105.653058	0.001000
0.155000	112.378332	0.001000
0.156000	992242086.314073	0.001000
0.157000	38.948981	0.001000
0.158000	32.977352	0.001000
0.159000	43.388955	0.001000
0.160000	144.595980	0.001000
0.161000	56994.692880	0.001000
0.162000	1383.115073	0.001000
0.163000	23598627087.276176	0.001000
0.164000	2227.554840	0.001000
0.165000	31.768293	0.001000
0.166000	270427.046514	0.001000
0.167000	226.210776	0.001000
0.168000	22274.505967	0.001000
0.169000	2979.618471	0.001000
0.170000	211899.391759	0.001000
0.171000	8139.313483	0.001000
0.172000	154.291457	0.001000
0.173000	31153.682505	0.001000
0.174000	735.925545	0.001000
0.175000	583.458582	0.001000
0.176000	5918.263367	0.001000
0.177000	47019.899559	0.001000
0.178000	247227.053526	0.001000
0.179000	116007.528609	0.001000
0.180000	86.790314	0.001000
0.181000	1225.411502	0.001000
0.182000	178905.958402	0.001000
0.183000	23.474102	0.001000
0.184000	150.376191	0.001000
0.185000	35106454.929757	0.001000
0.186000	1562.994220	0.001000
0.187000	18.881634	0.001000
0.188000	102.025594	0.001000
0.189000	31.020420	0.001000
0.190000	18.084967	0.001000
0.191000	25.454756	0.001000
0.192000	13.365570	0.001000
0.193000	13.898920	0.001000
0.194000	1155527.516032	0.001000
0.195000	131615934.661814	0.001000
0.196000	14.273235	0.001000
0.197000	130643.271431	0.001000
0.198000	406.376978	0.001000
0.199000	65.959826	0.001000
0.200000	51.353188	0.001000
0.201000	1693.705037	0.001000
0.202000	5481.706989	0.001000
0.203000	7478.735958	0.001000
0.204000	154.348748	0.001000
0.205000	8485.119789	0.001000
0.206000	15.860501	0.001000
0.207000	6.516097	0.001000
0.208000	7.721695	0.001000
0.209000	26.272058	0.001000
0.210000	730.378401	0.001000
0.211000	347159.655654	0.001000
0.212000	276.152052	0.001000
0.213000	4284380.566592	0.001000
0.214000	12.640855	0.001000
0.215000	3047.464175	0.001000
0.216000	76.587331	0.001000
0.217000	767.637616	0.001000
0.218000	7251430.488639	0.001000
0.219000	151.663326	0.001000
0.220000	18.677771	0.001000
0.221000	8.404734	0.001000
0.222000	24849.373585	0.001000
0.223000	9.018253	0.001000
0.224000	9.269179	0.001000
0.225000	18.878082	0.001000
0.226000	19.016489	0.001000
0.227000	36394.440848	0.001000
0.228000	12.649850	0.001000
0.229000	13.631668	0.001000
0.230000	15.397330	0.001000
0.231000	12.556278	0.001000
0.232000	5.081113	0.001000
0.233000	7.425966	0.001000
0.234000	115.594177	0.001000
0.235000	204656.214455	0.001000
0.236000	960601.096930	0.001000
0.237000	275519.069485	0.001000
0.238000	204.955917	0.001000
0.239000	23200.869768	0.001000
0.240000	3832.365682	0.001000
0.241000	239595.828724	0.001000
0.242000	10.919570	0.001000
0.243000	14.371098	0.001000
0.244000	18.512589	0.001000
0.245000	28.110969	0.001000
0.246000	28690801.234287	0.001000
0.247000	9.003223	0.001000
0.248000	93583.593672	0.001000
0.249000	234.322720	0.001000
0.250000	146.899872	0.001000
0.251000	2515.657629	0.001000
0.252000	56.965806	0.001000
0.253000	28.449220	0.001000
0.254000	314015092634.518311	0.001000
0.255000	654.356200	0.001000
0.256000	51.315551	0.001000
0.257000	5426.899907	0.001000
0.258000	10.401579	0.001000
0.259000	7.678150	0.001000
0.260000	5.190830	0.001000
0.261000	8.800310	0.001000
0.262000	10.655886	0.001000
0.263000	17.708291	0.001000
0.264000	15.000547	0.001000
0.265000	10.275097	0.001000
0.266000	7.309787	0.001000
0.267000	27895.010473	0.001000
0.268000	4.836535	0.001000
0.269000	16.569272	0.001000
0.270000	6.281846	0.001000
0.271000	7.688594	0.001000
0.272000	11.593215	0.001000
0.273000	8.333007	0.001000
0.274000	3.717292	0.001000
0.275000	1683.337960	0.001000
0.276000	70.225545	0.001000
0.277000	7.060738	0.001000
0.278000	7.264300	0.001000
0.279000	8.494950	0.001000
0.280000	13.633443	0.001000
0.281000	2391.836830	0.001000
0.282000	722857.905802	0.001000
0.283000	235.439113	0.001000
0.284000	13925.909676	0.001000
0.285000	12.852394	0.001000
0.286000	35.628180	0.001000
0.287000	172.909456	0.001000
0.288000	1802.722112	0.001000
0.289000	34.273319	0.001000
0.290000	402.559231	0.001000
0.291000	200481.952508	0.001000
0.292000	50.476828	0.001000
0.293000	21.713545	0.001000
0.294000	3.044357	0.001000
0.295000	12.166717	0.001000
0.296000	8.294539	0.001000
0.297000	15.012827	0.001000
0.298000	12.061643	0.001000
0.299000	7.226699	0.001000
0.300000	58.165265	0.001000
0.301000	436.054666	0.001000
0.302000	26128.671228	0.001000
0.303000	38.344365	0.001000
0.304000	13.116969	0.001000
0.305000	20.940610	0.001000
0.306000	16.791494	0.001000
0.307000	26.455253	0.001000
0.308000	21.658243	0.001000
0.309000	14.957775	0.001000
0.310000	12.657903	0.001000
0.311000	10.769286	0.001000
0.312000	6.539799	0.001000
0.313000	16.093842	0.001000
0.314000	25.710290	0.001000
0.315000	14.372917	0.001000
0.316000	6.706587	0.001000
0.317000	7.899806	0.001000
0.318000	11.447257	0.001000
0.319000	12.030306	0.001000
0.320000	17.828100	0.001000
0.321000	238.060692	0.001000
0.322000	1377.777521	0.001000
0.323000	9194.692363	0.001000
0.324000	118.537795	0.001000
0.325000	95860.378645	0.001000
0.326000	16972.524204	0.001000
0.327000	10.497640	0.001000
0.328000	10.610399	0.001000
0.329000	14.039805	0.001000
0.330000	14.770085	0.001000
0.331000	9.407482	0.001000
0.332000	9.166959	0.001000
0.333000	14.635028	0.001000
0.334000	7.795102	0.001000
0.335000	11.395536	0.001000
0.336000	16.753916	0.001000
0.337000	10.597721	0.001000
0.338000	7.893960	0.001000
0.339000	20.919634	0.001000
0.340000	19619.835875	0.001000
0.341000	7.525347	0.001000
0.342000	7.978976	0.001000
0.343000	987.613018	0.001000
0.344000	191358.794750	0.001000
0.345000	28.773404	0.001000
0.346000	20.402997	0.001000
0.347000	19.624064	0.001000
0.348000	8.520102	0.001000
0.349000	14.422801	0.001000
0.350000	4373.417261	0.001000
0.351000	757.967052	0.001000
0.352000	41870.912149	0.001000
0.353000	9003.371785	0.001000
0.354000	7.823257	0.001000
0.355000	16.853997	0.001000
0.356000	8.948771	0.001000
0.357000	10.225718	0.001000
0.358000	8.637276	0.001000
0.359000	142.687170	0.001000
0.360000	297.558689	0.001000
0.361000	185.050174	0.001000
0.362000	53.722205	0.001000
0.363000	5.267512	0.001000
0.364000	8.931986	0.001000
0.365000	538836.749898	0.001000
0.366000	2214.170345	0.001000
0.367000	17.085233	0.001000
0.368000	8.931236	0.001000
0.369000	520.804500	0.001000
0.370000	250597.031888	0.001000
0.371000	11.794908	0.001000
0.372000	802.139902	0.001000
0.373000	102.128409	0.001000
0.374000	2043.407660	0.001000
0.375000	22.537705	0.001000
0.376000	12.668473	0.001000
0.377000	97.106869	0.001000
0.378000	70955.331535	0.001000
0.379000	38.303886	0.001000
0.380000	9.850694	0.001000
0.381000	16.472428	0.001000
0.382000	6.659507	0.001000
0.383000	5.889825	0.001000
0.384000	7.655600	0.001000
0.385000	11.637817	0.001000
0.386000	11.179298	0.001000
0.387000	14.248413	0.001000
0.388000	16.253955	0.001000
0.389000	12.147833	0.001000
0.390000	16.381954	0.001000
0.391000	138.256916	0.001000
0.392000	12.982789	0.001000
0.393000	8.235087	0.001000
0.394000	19.544484	0.001000
0.395000	12564.986613	0.001000
0.396000	8.224796	0.001000
0.397000	8.459611	0.001000
0.398000	28.460067	0.001000
0.399000	27.402966	0.001000
0.400000	10.092054	0.001000
0.401000	10.455245	0.001000
0.402000	12.495474	0.001000
0.403000	17.376832	0.001000
0.404000	14.718061	0.001000
0.405000	8.801667	0.001000
0.406000	6.144492	0.001000
0.407000	12.419959	0.001000
0.408000	26.620302	0.001000
0.409000	31.275244	0.001000
0.410000	18.017352	0.001000
0.411000	14.941778	0.001000
0.412000	17.895797	0.001000
0.413000	153838.737740	0.001000
0.414000	11.101883	0.001000
0.415000	8.701202	0.001000
0.416000	7.442534	0.001000
0.417000	19.771836	0.001000
0.418000	11.411593	0.001000
0.419000	15.576405	0.001000
0.420000	17.037916	0.001000
0.421000	24.772522	0.001000
0.422000	37.150506	0.001000
0.423000	27.958515	0.001000
0.424000	10.486700	0.001000
0.425000	24.971038	0.001000
0.426000	14.972040	0.001000
0.427000	18.201229	0.001000
0.428000	12.568065	0.001000
0.429000	12.642815	0.001000
0.430000	8.835261	0.001000
0.431000	8.746211	0.001000
0.432000	13.420210	0.001000
0.433000	181.671669	0.001000
0.434000	361.763337	0.001000
0.435000	4924329.063111	0.001000
0.436000	16225.566308	0.001000
0.437000	261.129187	0.001000
0.438000	32313.826188	0.001000
0.439000	913.705355	0.001000
0.440000	35829.304284	0.001000
0.441000	14.072394	0.001000
0.442000	14831.251173	0.001000
0.443000	813.664789	0.001000
0.444000	12651.555416	0.001000
0.445000	10.559655	0.001000
0.446000	5.579433	0.001000
0.447000	13.420286	0.001000
0.448000	18.819871	0.001000
0.449000	15.087544	0.001000
0.450000	21.924217	0.001000
0.451000	21.948983	0.001000
0.452000	8.149932	0.001000
0.453000	13.377928	0.001000
0.454000	8.052741	0.001000
0.455000	20.453495	0.001000
0.456000	28.768744	0.001000
0.457000	22.852225	0.001000
0.458000	11.631640	0.001000
0.459000	11.632381	0.001000
0.460000	14.302728	0.001000
0.461000	17.886248	0.001000
0.462000	21.972493	0.001000
0.463000	14.641504	0.001000
0.464000	4.015562	0.001000
0.465000	7.832055	0.001000
0.466000	6.916233	0.001000
0.467000	9.940101	0.001000
0.468000	9.790939	0.001000
0.469000	10.640301	0.001000
0.470000	17.289519	0.001000
0.471000	16.127359	0.001000
0.472000	8.987357	0.001000
0.473000	13.074842	0.001000
0.474000	11.771857	0.001000
0.475000	14.894353	0.001000
0.476000	10.015898	0.001000
0.477000	14.014888	0.001000
0.478000	38.764488	0.001000
0.479000	24438.185873	0.001000
0.480000	36.591587	0.001000
0.481000	14083722.064120	0.001000
0.482000	6407.303582	0.001000
0.483000	5856.373592	0.001000
0.484000	1466.851165	0.001000
0.485000	13.590885	0.001000
0.486000	4674.754672	0.001000
0.487000	4.623556	0.001000
0.488000	9.513549	0.001000
0.489000	7.949246	0.001000
0.490000	7.441776	0.001000
0.491000	9.774172	0.001000
0.492000	10.508390	0.001000
0.493000	4.227347	0.001000
0.494000	641.228907	0.001000
0.495000	3624.466891	0.001000
0.496000	220286.987200	0.001000
0.497000	14726.190288	0.001000
0.498000	22.828637	0.001000
0.499000	15.671999	0.001000
0.500000	2467607.711602	0.001000
0.501000	6.179869	0.001000
0.502000	99306.406905	0.001000
0.503000	94545.203304	0.001000
0.504000	7.424387	0.001000
0.505000	7.831447	0.001000
0.506000	11.862084	0.001000
0.507000	12.617485	0.001000
0.508000	9.212298	0.001000
0.509000	8.038316	0.001000
0.510000	16.257693	0.001000
0.511000	2.230222	0.001000
0.512000	3.111035	0.001000
0.513000	3.029086	0.001000
0.514000	6.099443	0.001000
0.515000	12.072070	0.001000
0.516000	9.392544	0.001000
0.517000	4.501376	0.001000
0.518000	66.654396	0.001000
0.519000	2883.825993	0.001000
0.520000	5.193341	0.001000
0.521000	5.978451	0.001000
0.522000	8.764755	0.001000
0.523000	11.969725	0.001000
0.524000	1466.371857	0.001000
0.525000	35505.349679	0.001000
0.526000	1799.684796	0.001000
0.527000	10341.883278	0.001000
0.528000	2022.030079	0.001000
0.529000	112.360451	0.001000
0.530000	321.220289	0.001000
0.531000	54655622286.069351	0.001000
0.532000	26659.165831	0.001000
0.533000	12.095647	0.001000
0.534000	533956.962754	0.001000
0.535000	10.576966	0.001000
0.536000	1036.974056	0.001000
0.537000	66.229983	0.001000
0.538000	14.247895	0.001000
0.539000	4.221640	0.001000
0.540000	7.748617	0.001000
0.541000	4.334960	0.001000
0.542000	7.240665	0.001000
0.543000	8.562273	0.001000
0.544000	611.861047	0.001000
0.545000	982.501993	0.001000
0.546000	391.449724	0.001000
0.547000	21375.037403	0.001000
0.548000	445.948399	0.001000
0.549000	9993.980371	0.001000
0.550000	9.499539	0.001000
0.551000	22.480125	0.001000
0.552000	17.032427	0.001000
0.553000	15.353927	0.001000
0.554000	31.850188	0.001000
0.555000	14.024405	0.001000
0.556000	11.954708	0.001000
0.557000	10.368050	0.001000
0.558000	21.389445	0.001000
0.559000	6.427364	0.001000
0.560000	13.940162	0.001000
0.561000	5.373039	0.001000
0.562000	4.882887	0.001000
0.563000	7.902653	0.001000
0.564000	14.132617	0.001000
0.565000	395.073867	0.001000
0.566000	66.443708	0.001000
0.567000	12.414545	0.001000
0.568000	8359.675676	0.001000
0.569000	15.407516	0.001000
0.570000	597.449760	0.001000
0.571000	1148.214211	0.001000
0.572000	9.718107	0.001000
0.573000	23.668622	0.001000
0.574000	14.592633	0.001000
0.575000	8.618936	0.001000
0.576000	34.149481	0.001000
0.577000	12.074299	0.001000
0.578000	4.404870	0.001000
0.579000	19.604869	0.001000
0.580000	6.707194	0.001000
0.581000	13.210160	0.001000
0.582000	12.832858	0.001000
0.583000	6.243583	0.001000
0.584000	8.334211	0.001000
0.585000	65.828087	0.001000
0.586000	102730994.465972	0.001000
0.587000	35.242520	0.001000
0.588000	10.422830	0.001000
0.589000	5.256640	0.001000
0.590000	11.566375	0.001000
0.591000	7.327634	0.001000
0.592000	19.251736	0.001000
0.593000	14.366647	0.001000
0.594000	13.762035	0.001000
0.595000	3147.413194	0.001000
0.596000	760.461764	0.001000
0.597000	32941.893252	0.001000
0.598000	11.747145	0.001000
0.599000	12.592712	0.001000
0.600000	22.578684	0.001000
0.601000	289.891966	0.001000
0.602000	31.468188	0.001000
0.603000	19.202749	0.001000
0.604000	16.539863	0.001000
0.605000	9.609225	0.001000
0.606000	20.941736	0.001000
0.607000	18.854077	0.001000
0.608000	21.118265	0.001000
0.609000	24.216170	0.001000
0.610000	25.668902	0.001000
0.611000	19.072134	0.001000
0.612000	15.838581	0.001000
0.613000	74.758585	0.001000
0.614000	1279.514819	0.001000
0.615000	36.928360	0.001000
0.616000	647.031394	0.001000
0.617000	1161.028303	0.001000
0.618000	4337.190541	0.001000
0.619000	54534.319068	0.001000
0.620000	17858.293689	0.001000
0.621000	46315.064979	0.001000
0.622000	84.299415	0.001000
0.623000	12174962.961747	0.001000
0.624000	16.025069	0.001000
0.625000	26799.517902	0.001000
0.626000	68403.985059	0.001000
0.627000	10.249631	0.001000
0.628000	8.963989	0.001000
0.629000	7.998691	0.001000
0.630000	146.392202	0.001000
0.631000	46.091316	0.001000
0.632000	185.496193	0.001000
0.633000	51.682954	0.001000
0.634000	7.918471	0.001000
0.635000	8.773791	0.001000
0.636000	7.572180	0.001000
0.637000	6.064350	0.001000
0.638000	11.229166	0.001000
0.639000	26.041417	0.001000
0.640000	31.174153	0.001000
0.641000	21.936006	0.001000
0.642000	30.376514	0.001000
0.643000	4.970864	0.001000
0.644000	21.289316	0.001000
0.645000	22.151131	0.001000
0.646000	7.339698	0.001000
0.647000	12.716731	0.001000
0.648000	8.299805	0.001000
0.649000	11.239254	0.001000
0.650000	14.537095	0.001000
0.651000	17.025406	0.001000
0.652000	6.398273	0.001000
0.653000	26.391503	0.001000
0.654000	9.221812	0.001000
0.655000	9.836555	0.001000
0.656000	14.971422	0.001000
0.657000	15.841451	0.001000
0.658000	14.507514	0.001000
0.659000	12.853897	0.001000
0.660000	8.302013	0.001000
0.661000	2.894006	0.001000
0.662000	4.956931	0.001000
0.663000	14.833966	0.001000
0.664000	16.838155	0.001000
0.665000	5.054308	0.001000
0.666000	7.716195	0.001000
0.667000	6.989835	0.001000
0.668000	12.833786	0.001000
0.669000	9.456700	0.001000
0.670000	14.510533	0.001000
0.671000	23.944773	0.001000
0.672000	7.151146	0.001000
0.673000	6.583846	0.001000
0.674000	5.406746	0.001000
0.675000	9.104923	0.001000
0.676000	11.667714	0.001000
0.677000	20.115188	0.001000
0.678000	13.129307	0.001000
0.679000	12.740520	0.001000
0.680000	16.227667	0.001000
0.681000	120.738067	0.001000
0.682000	561.709134	0.001000
0.683000	42498.690386	0.001000
0.684000	81.639067	0.001000
0.685000	773.324960	0.001000
0.686000	259.227640	0.001000
0.687000	4398.908317	0.001000
0.688000	16.430591	0.001000
0.689000	9.875214	0.001000
0.690000	15.967742	0.001000
0.691000	14.521234	0.001000
0.692000	7.491371	0.001000
0.693000	9.405340	0.001000
0.694000	17.925707	0.001000
0.695000	15.948944	0.001000
0.696000	8.109233	0.001000
0.697000	1887.800442	0.001000
0.698000	2269.412451	0.001000
0.699000	66.847350	0.001000
0.700000	17.982955	0.001000
0.701000	11.168299	0.001000
0.702000	14.244840	0.001000
0.703000	12.660078	0.001000
0.704000	11.210089	0.001000
0.705000	18.294458	0.001000
0.706000	4.492520	0.001000
0.707000	6.478764	0.001000
0.708000	14.563099	0.001000
0.709000	4.749762	0.001000
0.710000	6.320129	0.001000
0.711000	14.518147	0.001000
0.712000	6.716254	0.001000
0.713000	11.002614	0.001000
0.714000	5.327547	0.001000
0.715000	10.049880	0.001000
0.716000	8.324351	0.001000
0.717000	20.022631	0.001000
0.718000	18.854355	0.001000
0.719000	8.710042	0.001000
0.720000	8.007569	0.001000
0.721000	6.387178	0.001000
0.722000	13.559643	0.001000
0.723000	20.889149	0.001000
0.724000	4.735370	0.001000
0.725000	8.215217	0.001000
0.726000	12.148236	0.001000
0.727000	6.098052	0.001000
0.728000	12.602432	0.001000
0.729000	6.734373	0.001000
0.730000	9.350009	0.001000
0.731000	9.043805	0.001000
0.732000	3.951919	0.001000
0.733000	4.328331	0.001000
0.734000	9.825789	0.001000
0.735000	12.891490	0.001000
0.736000	5.485564	0.001000
0.737000	10.049902	0.001000
0.738000	12.148333	0.001000
0.739000	16.329485	0.001000
0.740000	12.102160	0.001000
0.741000	184.353728	0.001000
0.742000	4740.287932	0.001000
0.743000	29.731540	0.001000
0.744000	1563.477037	0.001000
0.745000	6.577277	0.001000
0.746000	4.780097	0.001000
0.747000	3.945402	0.001000
0.748000	20.325278	0.001000
0.749000	12.566212	0.001000
0.750000	24.721589	0.001000
0.751000	8.200934	0.001000
0.752000	5.757088	0.001000
0.753000	9.222779	0.001000
0.754000	10.174797	0.001000
0.755000	4.642911	0.001000
0.756000	8.472095	0.001000
0.757000	11.211899	0.001000
0.758000	14.547333	0.001000
0.759000	8.805978	0.001000
0.760000	11.697414	0.001000
0.761000	9.220152	0.001000
0.762000	11.024317	0.001000
0.763000	25.252618	0.001000
0.764000	7.421117	0.001000
0.765000	15.087807	0.001000
0.766000	20.351416	0.001000
0.767000	24.480747	0.001000
0.768000	25.583754	0.001000
0.769000	5.769070	0.001000
0.770000	6.160227	0.001000
0.771000	5.717606	0.001000
0.772000	9.235140	0.001000
0.773000	8.873825	0.001000
0.774000	748.241091	0.001000
0.775000	112.773719	0.001000
0.776000	190.822434	0.001000
0.777000	117.444315	0.001000
0.778000	7076.923482	0.001000
0.779000	9.017750	0.001000
0.780000	8.290243	0.001000
0.781000	12.566987	0.001000
0.782000	19.709723	0.001000
0.783000	12.006239	0.001000
0.784000	13.757173	0.001000
0.785000	33.421521	0.001000
0.786000	18.062275	0.001000
0.787000	16.361649	0.001000
0.788000	11.606726	0.001000
0.789000	94.087593	0.001000
0.790000	79.916855	0.001000
0.791000	38.692545	0.001000
0.792000	50.926070	0.001000
0.793000	8.981546	0.001000
0.794000	15.359433	0.001000
0.795000	18.386227	0.001000
0.796000	13.406909	0.001000
0.797000	8.851169	0.001000
0.798000	18.369085	0.001000
0.799000	7.197602	0.001000
0.800000	49.192608	0.001000
0.801000	15.281265	0.001000
0.802000	12.104001	0.001000
0.803000	14.175382	0.001000
0.804000	12.562923	0.001000
0.805000	10.625047	0.001000
0.806000	15.285315	0.001000
0.807000	6.165293	0.001000
0.808000	16.937209	0.001000
0.809000	11.314025	0.001000
0.810000	26.835080	0.001000
0.811000	10.974598	0.001000
0.812000	8.926326	0.001000
0.813000	13.168410	0.001000
0.814000	28.975472	0.001000
0.815000	17.386267	0.001000
0.816000	21.165003	0.001000
0.817000	19.309638	0.001000
0.818000	10.660731	0.001000
0.819000	16.882667	0.001000
0.820000	11.163583	0.001000
0.821000	17.459091	0.001000
0.822000	12.517674	0.001000
0.823000	23.503550	0.001000
0.824000	38.670401	0.001000
0.825000	29.147630	0.001000
0.826000	27.360447	0.001000
0.827000	27.638015	0.001000
0.828000	67.824267	0.001000
0.829000	101.617265	0.001000
0.830000	2774180.154247	0.001000
0.831000	18.856783	0.001000
0.832000	20.380639	0.001000
0.833000	26.675441	0.001000
0.834000	14.747147	0.001000
0.835000	10.171766	0.001000
0.836000	19.518647	0.001000
0.837000	22.293293	0.001000
0.838000	22.217228	0.001000
0.839000	15.893668	0.001000
0.840000	30.994834	0.001000
0.841000	17.295771	0.001000
0.842000	97.415661	0.001000
0.843000	544.540838	0.001000
0.844000	5728.674198	0.001000
0.845000	31350.487827	0.001000
0.846000	853.836483	0.001000
0.847000	8224.260684	0.001000
0.848000	23.600890	0.001000
0.849000	16.830542	0.001000
0.850000	1763.818749	0.001000
0.851000	30.252305	0.001000
0.852000	291.263674	0.001000
0.853000	102401.785098	0.001000
0.854000	44848.751859	0.001000
0.855000	307.188969	0.001000
0.856000	1006.387875	0.001000
0.857000	1355.708258	0.001000
0.858000	1650.334588	0.001000
0.859000	56988.459653	0.001000
0.860000	966177.825860	0.001000
0.861000	914.770038	0.001000
0.862000	162736.207057	0.001000
0.863000	411.227852	0.001000
0.864000	1516.253029	0.001000
0.865000	14.988494	0.001000
0.866000	156.251918	0.001000
0.867000	132795.796198	0.001000
0.868000	18.670927	0.001000
0.869000	17.742114	0.001000
0.870000	2707.838394	0.001000
0.871000	654350.086040	0.001000
0.872000	6.865172	0.001000
0.873000	10.622320	0.001000
0.874000	10.331591	0.001000
0.875000	2402.144604	0.001000
0.876000	10.309564	0.001000
0.877000	7.047111	0.001000
0.878000	2.836692	0.001000
0.879000	2306.297190	0.001000
0.880000	348.106380	0.001000
0.881000	2696434256.144712	0.001000
0.882000	145.623777	0.001000
0.883000	28928.799407	0.001000
0.884000	266410688.504853	0.001000
0.885000	8.098136	0.001000
0.886000	13.313763	0.001000
0.887000	14.003637	0.001000
0.888000	10.305448	0.001000
0.889000	9.393489	0.001000
0.890000	63.715991	0.001000
0.891000	540.541254	0.001000
0.892000	29388.336536	0.001000
0.893000	23.580423	0.001000
0.894000	15.778083	0.001000
0.895000	10.345355	0.001000
0.896000	7.997772	0.001000
0.897000	8.564323	0.001000
0.898000	6.630766	0.001000
0.899000	5.642630	0.001000
0.900000	9.854201	0.001000
0.901000	13.904898	0.001000
0.902000	8.160589	0.001000
0.903000	7.315967	0.001000
0.904000	167053.293927	0.001000
0.905000	9.792225	0.001000
0.906000	8.124895	0.001000
0.907000	5.630462	0.001000
0.908000	10.635005	0.001000
0.909000	88930.011444	0.001000
0.910000	146768.840421	0.001000
0.911000	11.486706	0.001000
0.912000	14.924670	0.001000
0.913000	4681.383790	0.001000
0.914000	12.678004	0.001000
0.915000	6.180518	0.001000
0.916000	12.604881	0.001000
0.917000	8.777068	0.001000
0.918000	15.758134	0.001000
0.919000	15.124456	0.001000
0.920000	16.886853	0.001000
0.921000	7.277254	0.001000
0.922000	11.800425	0.001000
0.923000	8.811915	0.001000
0.924000	15018.042613	0.001000
0.925000	32460.307128	0.001000
0.926000	123.750816	0.001000
0.927000	9.807905	0.001000
0.928000	8.180713	0.001000
0.929000	33.851237	0.001000
0.930000	7.769729	0.001000
0.931000	6.723428	0.001000
0.932000	10.264457	0.001000
0.933000	5.689754	0.001000
0.934000	7.931389	0.001000
0.935000	13.716600	0.001000
0.936000	24.498183	0.001000
0.937000	17.666499	0.001000
0.938000	16.410812	0.001000
0.939000	17.266710	0.001000
0.940000	8.305083	0.001000
0.941000	4.223488	0.001000
0.942000	7.989570	0.001000
0.943000	13.072635	0.001000
0.944000	13.872723	0.001000
0.945000	15.267796	0.001000
0.946000	70.084483	0.001000
0.947000	3692.233005	0.001000
0.948000	7.026260	0.001000
0.949000	4.361913	0.001000
0.950000	8.980948	0.001000
0.951000	22.192644	0.001000
0.952000	8038.958888	0.001000
0.953000	197432.242962	0.001000
0.954000	3841.668423	0.001000
0.955000	18.028640	0.001000
0.956000	9.092437	0.001000
0.957000	13.492508	0.001000
0.958000	11.929335	0.001000
0.959000	30.091063	0.001000
0.960000	23066.838865	0.001000
0.961000	157.830560	0.001000
0.962000	5721.874137	0.001000
0.963000	5375.673162	0.001000
0.964000	10880.981026	0.001000
0.965000	230.203648	0.001000
0.966000	528.944704	0.001000
0.967000	10460.997274	0.001000
0.968000	1152044014.830782	0.001000
0.969000	713375.053301	0.001000
0.970000	73137.051636	0.001000
0.971000	1347314.161604	0.001000
0.972000	10.682014	0.001000
0.973000	15.932191	0.001000
0.974000	5.322097	0.001000
0.975000	9.331288	0.001000
0.976000	11.186182	0.001000
0.977000	3.286265	0.001000
0.978000	10.574702	0.001000
0.979000	7.341353	0.001000
0.980000	2.853503	0.001000
0.981000	6.854455	0.001000
0.982000	10.066920	0.001000
0.983000	3.174937	0.001000
0.984000	24736.996519	0.001000
0.985000	7.438519	0.001000
0.986000	10.083483	0.001000
0.987000	12.331435	0.001000
0.988000	93241.042463	0.001000
0.989000	12841.151900	0.001000
0.990000	44.763779	0.001000
0.991000	33220.360002	0.001000
0.992000	7.780590	0.001000
0.993000	352642.708162	0.001000
0.994000	35062.162180	0.001000
0.995000	29.563987	0.001000
0.996000	5.943296	0.001000
0.997000	6.050225	0.001000
0.998000	19.030780	0.001000
0.999000	5.990650	0.001000
1.000000	8.418832	0.001000
1.001000	18.626481	0.001000
1.002000	6.474019	0.001000
1.003000	5.365625	0.001000
1.004000	2.625413	0.001000
1.005000	8.929525	0.001000
1.006000	10.465378	0.001000
1.007000	1646641.883526	0.001000
1.008000	6.115163	0.001000
1.009000	8.274401	0.001000
1.010000	9.145896	0.001000
1.011000	170.289374	0.001000
1.012000	102.654993	0.001000
1.013000	811.906273	0.001000
1.014000	9974.023452	0.001000
1.015000	6.667920	0.001000
1.016000	8.910072	0.001000
1.017000	5.811174	0.001000
1.018000	44.563033	0.001000
1.019000	34.996807	0.001000
1.020000	9.846301	0.001000
1.021000	12.073581	0.001000
1.022000	4.488225	0.001000
1.023000	1863.840033	0.001000
1.024000	23587.070799	0.001000
1.025000	7.227855	0.001000
1.026000	574.146956	0.001000
1.027000	17430.773213	0.001000
1.028000	9.324346	0.001000
1.029000	12.316640	0.001000
1.030000	25.935714	0.001000
1.031000	15.386484	0.001000
1.032000	4.579279	0.001000
1.033000	8.996534	0.001000
1.034000	6.619284	0.001000
1.035000	3.095520	0.001000
1.036000	7.643681	0.001000
1.037000	10.706617	0.001000
1.038000	4.875701	0.001000
1.039000	12.528584	0.001000
1.040000	17295.814596	0.001000
1.041000	13.813193	0.001000
1.042000	12.148308	0.001000
1.043000	6.996252	0.001000
1.044000	9.291349	0.001000
1.045000	6.619980	0.001000
1.046000	5.084817	0.001000
1.047000	14.745732	0.001000
1.048000	10.167930	0.001000
1.049000	9.018718	0.001000
1.050000	6.856534	0.001000
1.051000	38.310329	0.001000
1.052000	14.729091	0.001000
1.053000	485.190624	0.001000
1.054000	12237.356727	0.001000
1.055000	37.518537	0.001000
1.056000	107.558455	0.001000
1.057000	51172.614435	0.001000
1.058000	3.382935	0.001000
1.059000	7.328641	0.001000
1.060000	16.771588	0.001000
1.061000	9.493263	0.001000
1.062000	5.402235	0.001000
1.063000	17.516301	0.001000
1.064000	4.058120	0.001000
1.065000	1.605269	0.001000
1.066000	2.235210	0.001000
1.067000	5.124227	0.001000
1.068000	12.505474	0.001000
1.069000	6.974113	0.001000
1.070000	5.931020	0.001000
1.071000	6.813715	0.001000
1.072000	4.300983	0.001000
1.073000	6.599200	0.001000
1.074000	4.531008	0.001000
1.075000	11.043505	0.001000
1.076000	6.933233	0.001000
1.077000	2.570292	0.001000
1.078000	1451.333509	0.001000
1.079000	14.289473	0.001000
1.080000	55.580581	0.001000
1.081000	1160.835937	0.001000
1.082000	6245.605921	0.001000
1.083000	903.476692	0.001000
1.084000	8.791923	0.001000
1.085000	4.582814	0.001000
1.086000	3.402547	0.001000
1.087000	204630.271125	0.001000
1.088000	41823604550090.296875	0.001000
1.089000	10.038597	0.001000
1.090000	21.085281	0.001000
1.091000	6.046630	0.001000
1.092000	147322.993405	0.001000
1.093000	6.536383	0.001000
1.094000	236.975518	0.001000
1.095000	51.283823	0.001000
1.096000	108.832265	0.001000
1.097000	19.473667	0.001000
1.098000	8.922315	0.001000
1.099000	17.106925	0.001000
1.100000	17.067423	0.001000
1.101000	9.922456	0.001000
1.102000	6.824350	0.001000
1.103000	10.697955	0.001000
1.104000	18.593672	0.001000
1.105000	10.976471	0.001000
1.106000	4.035364	0.001000
1.107000	4.177220	0.001000
1.108000	11.395411	0.001000
1.109000	13.990554	0.001000
1.110000	9.828791	0.001000
1.111000	10.104103	0.001000
1.112000	8.959099	0.001000
1.113000	15.640022	0.001000
1.114000	3.496192	0.001000
1.115000	4.289807	0.001000
1.116000	43.870122	0.001000
1.117000	4.520195	0.001000
1.118000	7.317109	0.001000
1.119000	431300.309746	0.001000
1.120000	629.910025	0.001000
1.121000	14.233958	0.001000
1.122000	24.041916	0.001000
1.123000	15.892536	0.001000
1.124000	13.612117	0.001000
1.125000	19.377832	0.001000
1.126000	21.065816	0.001000
1.127000	14.310828	0.001000
1.128000	25.307135	0.001000
1.129000	9.692820	0.001000
1.130000	19.962623	0.001000
1.131000	16.667531	0.001000
1.132000	10.427403	0.001000
1.133000	27.688671	0.001000
1.134000	22.224298	0.001000
1.135000	12.588631	0.001000
1.136000	6.462978	0.001000
1.137000	11.795093	0.001000
1.138000	4.902438	0.001000
1.139000	17.792237	0.001000
1.140000	6.192193	0.001000
1.141000	9.665187	0.001000
1.142000	9.896953	0.001000
1.143000	6.260368	0.001000
1.144000	6.764256	0.001000
1.145000	7.566473	0.001000
1.146000	11.498702	0.001000
1.147000	6.601605	0.001000
1.148000	6.108053	0.001000
1.149000	12.929579	0.001000
1.150000	6.615970	0.001000
1.151000	12.823041	0.001000
1.152000	10.973398	0.001000
1.153000	11.374862	0.001000
1.154000	7.998331	0.001000
1.155000	7.063830	0.001000
1.156000	8.736287	0.001000
1.157000	6.310227	0.001000
1.158000	6.109316	0.001000
1.159000	5.189172	0.001000
1.160000	7.171488	0.001000
1.161000	3.052584	0.001000
1.162000	9.634094	0.001000
1.163000	7.843311	0.001000
1.164000	10.258274	0.001000
1.165000	12.797087	0.001000
1.166000	24.150922	0.001000
1.167000	11.841401	0.001000
1.168000	6.959896	0.001000
1.169000	11.175533	0.001000
1.170000	5.238358	0.001000
1.171000	11.253958	0.001000
1.172000	5.083513	0.001000
1.173000	3.380126	0.001000
1.174000	4.356423	0.001000
1.175000	7.609652	0.001000
1.176000	9.640379	0.001000
1.177000	9.981011	0.001000
1.178000	11.155179	0.001000
1.179000	6.943320	0.001000
1.180000	8.385060	0.001000
1.181000	3.650976	0.001000
1.182000	7.106064	0.001000
1.183000	5.087249	0.001000
1.184000	7.802010	0.001000
1.185000	17.256430	0.001000
1.186000	8.379660	0.001000
1.187000	6.915953	0.001000
1.188000	11.875724	0.001000
1.189000	11.484015	0.001000
1.190000	9.455247	0.001000
1.191000	646310.427272	0.001000
1.192000	2.983432	0.001000
1.193000	9.700694	0.001000
1.194000	14.124189	0.001000
1.195000	15.067378	0.001000
1.196000	10.460674	0.001000
1.197000	8.651381	0.001000
1.198000	3.129864	0.001000
1.199000	1.537033	0.001000
1.200000	8.865242	0.001000
1.201000	4.772794	0.001000
1.202000	10.551991	0.001000
1.203000	9.223395	0.001000
1.204000	15.106625	0.001000
1.205000	9.927183	0.001000
1.206000	11.288962	0.001000
1.207000	11.234182	0.001000
1.208000	15.452649	0.001000
1.209000	23.804023	0.001000
1.210000	12.208706	0.001000
1.211000	10.586505	0.001000
1.212000	25.220502	0.001000
1.213000	51.284631	0.001000
1.214000	6.963689	0.001000
1.215000	7.702214	0.001000
1.216000	8.034552	0.001000
1.217000	8.152480	0.001000
1.218000	11.630863	0.001000
1.219000	8.271609	0.001000
1.220000	3.690958	0.001000
1.221000	8.614761	0.001000
1.222000	5.326470	0.001000
1.223000	7.243534	0.001000
1.224000	6.727216	0.001000
1.225000	10.194980	0.001000
1.226000	10.581788	0.001000
1.227000	11.128774	0.001000
1.228000	7.540172	0.001000
1.229000	10.014241	0.001000
1.230000	14.002472	0.001000
1.231000	9.408141	0.001000
1.232000	7.619158	0.001000
1.233000	22.535649	0.001000
1.234000	13.513359	0.001000
1.235000	26.650271	0.001000
1.236000	10.395346	0.001000
1.237000	10.070983	0.001000
1.238000	23.136858	0.001000
1.239000	10.623329	0.001000
1.240000	5.559260	0.001000
1.241000	9.615266	0.001000
1.242000	6.763088	0.001000
1.243000	6.945494	0.001000
1.244000	6.849430	0.001000
1.245000	16.033852	0.001000
1.246000	1100369.191587	0.001000
1.247000	16.503293	0.001000
1.248000	9.834193	0.001000
1.249000	19.564141	0.001000
1.250000	14.674941	0.001000
1.251000	14.045673	0.001000
1.252000	8.711358	0.001000
1.253000	9.625807	0.001000
1.254000	11.732301	0.001000
1.255000	13.126329	0.001000
1.256000	8.816266	0.001000
1.257000	12.006802	0.001000
1.258000	204160.608887	0.001000
1.259000	7538.813437	0.001000
1.260000	6209938.176756	0.001000
1.261000	4554.510775	0.001000
1.262000	75057.995682	0.001000
1.263000	81.613883	0.001000
1.264000	2933.313284	0.001000
1.265000	22583.828578	0.001000
1.266000	8.054945	0.001000
1.267000	12.753604	0.001000
1.268000	75.872937	0.001000
1.269000	5423.692276	0.001000
1.270000	58.974990	0.001000
1.271000	903.434966	0.001000
1.272000	2200538.212662	0.001000
1.273000	13.871439	0.001000
1.274000	13.118235	0.001000
1.275000	14.107300	0.001000
1.276000	13.862248	0.001000
1.277000	11.569295	0.001000
1.278000	7202.180313	0.001000
1.279000	10.261657	0.001000
1.280000	17.460589	0.001000
1.281000	20.751078	0.001000
1.282000	12.459913	0.001000
1.283000	14.614217	0.001000
1.284000	13.981001	0.001000
1.285000	6.556512	0.001000
1.286000	13.978739	0.001000
1.287000	6.683230	0.001000
1.288000	7.659132	0.001000
1.289000	8.088555	0.001000
1.290000	7.504502	0.001000
1.291000	6.755967	0.001000
1.292000	444.310611	0.001000
1.293000	114.914060	0.001000
1.294000	30832483.337610	0.001000
1.295000	6.500559	0.001000
1.296000	9.837711	0.001000
1.297000	12.992428	0.001000
1.298000	10.431973	0.001000
1.299000	16.724830	0.001000
1.300000	8.385629	0.001000
1.301000	4.885701	0.001000
1.302000	6.490263	0.001000
1.303000	8.321547	0.001000
1.304000	10.307040	0.001000
1.305000	10.332856	0.001000
1.306000	14.695482	0.001000
1.307000	17.181932	0.001000
1.308000	16.668160	0.001000
1.309000	9.659796	0.001000
1.310000	6.295249	0.001000
1.311000	7.899491	0.001000
1.312000	6.401290	0.001000
1.313000	7.559636	0.001000
1.314000	19.356826	0.001000
1.315000	5.377393	0.001000
1.316000	6.456207	0.001000
1.317000	9.775710	0.001000
1.318000	5.108181	0.001000
1.319000	8.228347	0.001000
1.320000	90.586680	0.001000
1.321000	148.792979	0.001000
1.322000	90.860667	0.001000
1.323000	14860.237592	0.001000
1.324000	18.028338	0.001000
1.325000	16.004563	0.001000
1.326000	8.887853	0.001000
1.327000	3.752089	0.001000
1.328000	5.003297	0.001000
1.329000	6.272028	0.001000
1.330000	5.001580	0.001000
1.331000	711.399834	0.001000
1.332000	1099.041227	0.001000
1.333000	57136.519389	0.001000
1.334000	38.134186	0.001000
1.335000	8.876336	0.001000
1.336000	12.470518	0.001000
1.337000	4.683784	0.001000
1.338000	5.619046	0.001000
1.339000	5.676890	0.001000
1.340000	9.937827	0.001000
1.341000	3.229645	0.001000
1.342000	7.955547	0.001000
1.343000	9.517171	0.001000
1.344000	5.643391	0.001000
1.345000	10.899381	0.001000
1.346000	4.333199	0.001000
1.347000	4.535283	0.001000
1.348000	123.862460	0.001000
1.349000	504.696472	0.001000
1.350000	27459.381548	0.001000
1.351000	8460.081940	0.001000
1.352000	8.353971	0.001000
1.353000	7.295792	0.001000
1.354000	8.834413	0.001000
1.355000	34.659408	0.001000
1.356000	7.478854	0.001000
1.357000	13.374030	0.001000
1.358000	6.727030	0.001000
1.359000	3.386864	0.001000
1.360000	4.892312	0.001000
1.361000	6.107172	0.001000
1.362000	6.886679	0.001000
1.363000	11.911881	0.001000
1.364000	7.684151	0.001000
1.365000	14.444507	0.001000
1.366000	9.781801	0.001000
1.367000	15.700732	0.001000
1.368000	12.034447	0.001000
1.369000	163.369227	0.001000
1.370000	2778.707147	0.001000
1.371000	9.183628	0.001000
1.372000	12.116170	0.001000
1.373000	5.605684	0.001000
1.374000	8.669336	0.001000
1.375000	18.366093	0.001000
1.376000	2131.033954	0.001000
1.377000	20.461238	0.001000
1.378000	7.979998	0.001000
1.379000	2170.326677	0.001000
1.380000	7.065541	0.001000
1.381000	2.512288	0.001000
1.382000	231.500082	0.001000
1.383000	16.037206	0.001000
1.384000	9.249010	0.001000
1.385000	6.610877	0.001000
1.386000	12.956482	0.001000
1.387000	5.947788	0.001000
1.388000	19.332553	0.001000
1.389000	9.260469	0.001000
1.390000	8.248061	0.001000
1.391000	6.423227	0.001000
1.392000	12.457881	0.001000
1.393000	7.056514	0.001000
1.394000	9.709376	0.001000
1.395000	10.633916	0.001000
1.396000	115.709668	0.001000
1.397000	233633.855802	0.001000
1.398000	6.136590	0.001000
1.399000	9.773432	0.001000
1.400000	10.750843	0.001000
1.401000	20.233884	0.001000
1.402000	5.717704	0.001000
1.403000	4.712149	0.001000
1.404000	7.717166	0.001000
1.405000	8.069640	0.001000
1.406000	13.829767	0.001000
1.407000	11.093829	0.001000
1.408000	7.179787	0.001000
1.409000	5.395738	0.001000
1.410000	7.273595	0.001000
1.411000	8.221346	0.001000
1.412000	9.922078	0.001000
1.413000	4.407017	0.001000
1.414000	5.642815	0.001000
1.415000	24.300590	0.001000
1.416000	5.754020	0.001000
1.417000	6.048763	0.001000
1.418000	3.527619	0.001000
1.419000	8.075917	0.001000
1.420000	8.721829	0.001000
1.421000	7.637678	0.001000
1.422000	8.508685	0.001000
1.423000	11.181753	0.001000
1.424000	7.411362	0.001000
1.425000	8.160568	0.001000
1.426000	7.587220	0.001000
1.427000	11.167020	0.001000
1.428000	7.022253	0.001000
1.429000	6.919990	0.001000
1.430000	2.915699	0.001000
1.431000	4.764325	0.001000
1.432000	5.841563	0.001000
1.433000	3.448264	0.001000
1.434000	4.678055	0.001000
1.435000	4.976259	0.001000
1.436000	12.530697	0.001000
1.437000	3.678087	0.001000
1.438000	7.122287	0.001000
1.439000	9.488348	0.001000
1.440000	3.506631	0.001000
1.441000	6.927366	0.001000
1.442000	3.897043	0.001000
1.443000	7.100479	0.001000
1.444000	3.921240	0.001000
1.445000	6.970248	0.001000
1.446000	5.477893	0.001000
1.447000	31.179060	0.001000
1.448000	11.670644	0.001000
1.449000	8.149301	0.001000
1.450000	11.656315	0.001000
1.451000	12.629523	0.001000
1.452000	15.726369	0.001000
1.453000	9.325633	0.001000
1.454000	8.625641	0.001000
1.455000	9.255291	0.001000
1.456000	9.850956	0.001000
1.457000	8.200038	0.001000
1.458000	3.747167	0.001000
1.459000	4.393474	0.001000
1.460000	10.910270	0.001000
1.461000	7.162843	0.001000
1.462000	5.572232	0.001000
1.463000	9.582386	0.001000
1.464000	9.833094	0.001000
1.465000	4.551043	0.001000
1.466000	5.177006	0.001000
1.467000	5.307454	0.001000
1.468000	7.279291	0.001000
1.469000	9.087172	0.001000
1.470000	6.587118	0.001000
1.471000	6.014679	0.001000
1.472000	3.647507	0.001000
1.473000	5.076361	0.001000
1.474000	3.211267	0.001000
1.475000	6.219350	0.001000
1.476000	3.781479	0.001000
1.477000	12.101308	0.001000
1.478000	12.292793	0.001000
1.479000	9.217099	0.001000
1.480000	28.874663	0.001000
1.481000	40.900634	0.001000
1.482000	11.996550	0.001000
1.483000	3.423583	0.001000
1.484000	16.016005	0.001000
1.485000	12.433642	0.001000
1.486000	24.985260	0.001000
1.487000	19.466205	0.001000
1.488000	8.104120	0.001000
1.489000	7.669858	0.001000
1.490000	9.225526	0.001000
1.491000	9.149695	0.001000
1.492000	11.681535	0.001000
1.493000	4.769518	0.001000
1.494000	9.339557	0.001000
1.495000	16.421350	0.001000
1.496000	11.955611	0.001000
1.497000	10.111606	0.001000
1.498000	5.333227	0.001000
1.499000	3.321630	0.001000
1.500000	4.593552	0.001000
1.501000	5.530725	0.001000
1.502000	3.701917	0.001000
1.503000	2.916646	0.001000
1.504000	3.162212	0.001000
1.505000	3.563812	0.001000
1.506000	5.827103	0.001000
1.507000	3.829647	0.001000
1.508000	3.360118	0.001000
1.509000	14.050222	0.001000
1.510000	7.096498	0.001000
1.511000	23.650561	0.001000
1.512000	8.556029	0.001000
1.513000	12.499277	0.001000
1.514000	16.942134	0.001000
1.515000	5.790948	0.001000
1.516000	9.944973	0.001000
1.517000	6.749151	0.001000
1.518000	13.023615	0.001000
1.519000	47582.386378	0.001000
1.520000	141.168448	0.001000
1.521000	113.364283	0.001000
1.522000	5.725263	0.001000
1.523000	10.099633	0.001000
1.524000	3.641258	0.001000
1.525000	153.466962	0.001000
1.526000	3334033.972351	0.001000
1.527000	579.903689	0.001000
1.528000	584698.601192	0.001000
1.529000	4.582153	0.001000
1.530000	6.789136	0.001000
1.531000	5.155094	0.001000
1.532000	4.075665	0.001000
1.533000	5.725194	0.001000
1.534000	2.588558	0.001000
1.535000	10.107287	0.001000
1.536000	5.225651	0.001000
1.537000	6.634227	0.001000
1.538000	2.308076	0.001000
1.539000	0.786286	0.001000
1.540000	3.449438	0.001000
1.541000	6.958437	0.001000
1.542000	7.747466	0.001000
1.543000	18.461045	0.001000
1.544000	23.550394	0.001000
1.545000	12.547614	0.001000
1.546000	5.669356	0.001000
1.547000	8.271568	0.001000
1.548000	9.745131	0.001000
1.549000	12.242239	0.001000
1.550000	6.002197	0.001000
1.551000	5.397731	0.001000
1.552000	5.954582	0.001000
1.553000	12.179607	0.001000
1.554000	6.049962	0.001000
1.555000	6.181995	0.001000
1.556000	5.105602	0.001000
1.557000	2.717552	0.001000
1.558000	6.540063	0.001000
1.559000	17.966298	0.001000
1.560000	11.903949	0.001000
1.561000	8.928963	0.001000
1.562000	18.846128	0.001000
1.563000	10.333226	0.001000
1.564000	11.397531	0.001000
1.565000	10.264378	0.001000
1.566000	2.250487	0.001000
1.567000	4.255031	0.001000
1.568000	3.427966	0.001000
1.569000	3.105661	0.001000
1.570000	5.631130	0.001000
1.571000	6.158856	0.001000
1.572000	9.060578	0.001000
1.573000	8.287324	0.001000
1.574000	10.614896	0.001000
1.575000	2.976935	0.001000
1.576000	4.499068	0.001000
1.577000	1.646077	0.001000
1.578000	3.219412	0.001000
1.579000	3.841808	0.001000
1.580000	5.337211	0.001000
1.581000	13.527200	0.001000
1.582000	3.264039	0.001000
1.583000	12.427240	0.001000
1.584000	6.352967	0.001000
1.585000	4.611254	0.001000
1.586000	4.924912	0.001000
1.587000	3.572154	0.001000
1.588000	2.486623	0.001000
1.589000	6.154920	0.001000
1.590000	4.375900	0.001000
1.591000	7.708464	0.001000
1.592000	8.206877	0.001000
1.593000	2.492818	0.001000
1.594000	6.633218	0.001000
1.595000	6.735503	0.001000
1.596000	6.369884	0.001000
1.597000	8.234630	0.001000
1.598000	5.276147	0.001000
1.599000	6.656133	0.001000
1.600000	2.615792	0.001000
1.601000	9.547377	0.001000
1.602000	5.580494	0.001000
1.603000	4.349702	0.001000
1.604000	7.322460	0.001000
1.605000	5.267198	0.001000
1.606000	7.253577	0.001000
1.607000	7.842861	0.001000
1.608000	5.628439	0.001000
1.609000	12.706371	0.001000
1.610000	5.643120	0.001000
1.611000	14.407612	0.001000
1.612000	11.745535	0.001000
1.613000	17.944246	0.001000
1.614000	16.295177	0.001000
1.615000	9.271346	0.001000
1.616000	48.423891	0.001000
1.617000	12.402031	0.001000
1.618000	7.048603	0.001000
1.619000	10.190736	0.001000
1.620000	13.171600	0.001000
1.621000	7.990819	0.001000
1.622000	4.847607	0.001000
1.623000	5.932712	0.001000
1.624000	13.460264	0.001000
1.625000	13.906794	0.001000
1.626000	8.637063	0.001000
1.627000	6.998346	0.001000
1.628000	9.188993	0.001000
1.629000	42.888345	0.001000
1.630000	9.170421	0.001000
1.631000	2.726095	0.001000
1.632000	6838.086928	0.001000
1.633000	278.962756	0.001000
1.634000	37.350835	0.001000
1.635000	561.057983	0.001000
1.636000	43.994974	0.001000
1.637000	11669.052857	0.001000
1.638000	14.583388	0.001000
1.639000	7.002786	0.001000
1.640000	5.852576	0.001000
1.641000	10.097334	0.001000
1.642000	1531985.189749	0.001000
1.643000	16.101828	0.001000
1.644000	5.828075	0.001000
1.645000	18.543152	0.001000
1.646000	15.590783	0.001000
1.647000	13.451383	0.001000
1.648000	29.482449	0.001000
1.649000	654.582511	0.001000
1.650000	110006.495819	0.001000
1.651000	35.262227	0.001000
1.652000	37.610652	0.001000
1.653000	29.657874	0.001000
1.654000	57.227352	0.001000
1.655000	17.213502	0.001000
1.656000	566.248542	0.001000
1.657000	1508.894393	0.001000
1.658000	30.658395	0.001000
1.659000	3110.722374	0.001000
1.660000	11.455990	0.001000
1.661000	312993.299361	0.001000
1.662000	65.386736	0.001000
1.663000	160.835948	0.001000
1.664000	1645.924005	0.001000
1.665000	1146.533789	0.001000
1.666000	34.706545	0.001000
1.667000	61.047005	0.001000
1.668000	14.377432	0.001000
1.669000	9.701080	0.001000
1.670000	13.233823	0.001000
1.671000	7.006498	0.001000
1.672000	3.393942	0.001000
1.673000	8.426592	0.001000
1.674000	5.253610	0.001000
1.675000	7.990886	0.001000
1.676000	12.599988	0.001000
1.677000	8.031774	0.001000
1.678000	8.393010	0.001000
1.679000	9.212356	0.001000
1.680000	13.655353	0.001000
1.681000	9.662263	0.001000
1.682000	13.334759	0.001000
1.683000	24.967696	0.001000
1.684000	6.848463	0.001000
1.685000	11.805018	0.001000
1.686000	6.482022	0.001000
1.687000	19.334788	0.001000
1.688000	5.953459	0.001000
1.689000	4.541055	0.001000
1.690000	7.109482	0.001000
1.691000	4.286826	0.001000
1.692000	5.166662	0.001000
1.693000	4.959776	0.001000
1.694000	9.201099	0.001000
1.695000	10.233085	0.001000
1.696000	6.353946	0.001000
1.697000	6.030391	0.001000
1.698000	10.579446	0.001000
1.699000	15.141454	0.001000
1.700000	7.038080	0.001000
1.701000	8.046288	0.001000
1.702000	4.304714	0.001000
1.703000	9.838950	0.001000
1.704000	18.313687	0.001000
1.705000	259239.510380	0.001000
1.706000	10.478593	0.001000
1.707000	10.539236	0.001000
1.708000	5.297177	0.001000
1.709000	7.127405	0.001000
1.710000	7.795637	0.001000
1.711000	6.750942	0.001000
1.712000	10.135748	0.001000
1.713000	4.120219	0.001000
1.714000	5.835829	0.001000
1.715000	9.253766	0.001000
1.716000	3.329092	0.001000
1.717000	9.452884	0.001000
1.718000	10.849952	0.001000
1.719000	7.115506	0.001000
1.720000	9.134534	0.001000
1.721000	7.207274	0.001000
1.722000	8.732053	0.001000
1.723000	4.879491	0.001000
1.724000	9.192207	0.001000
1.725000	11.625620	0.001000
1.726000	25.702837	0.001000
1.727000	5.668646	0.001000
1.728000	8.115496	0.001000
1.729000	10.820582	0.001000
1.730000	12.887355	0.001000
1.731000	4.656453	0.001000
1.732000	4.643508	0.001000
1.733000	6.763907	0.001000
1.734000	6.881596	0.001000
1.735000	12.243447	0.001000
1.736000	9.073339	0.001000
1.737000	5.189233	0.001000
1.738000	6.584303	0.001000
1.739000	17.831864	0.001000
1.740000	15.089969	0.001000
1.741000	6.881337	0.001000
1.742000	4.738990	0.001000
1.743000	8.911840	0.001000
1.744000	11.430906	0.001000
1.745000	9.570493	0.001000
1.746000	7.173353	0.001000
1.747000	8.804772	0.001000
1.748000	12.411969	0.001000
1.749000	14.990423	0.001000
1.750000	9.748040	0.001000
1.751000	15.133482	0.001000
1.752000	12.068185	0.001000
1.753000	13.608845	0.001000
1.754000	6.050645	0.001000
1.755000	17.934940	0.001000
1.756000	11.031178	0.001000
1.757000	26.880803	0.001000
1.758000	8.623842	0.001000
1.759000	14.308107	0.001000
1.760000	17.574113	0.001000
1.761000	16.734622	0.001000
1.762000	8.122281	0.001000
1.763000	14.259118	0.001000
1.764000	10.193417	0.001000
1.765000	6.956277	0.001000
1.766000	6.254700	0.001000
1.767000	16.114565	0.001000
1.768000	10.013303	0.001000
1.769000	7.236476	0.001000
1.770000	12.410088	0.001000
1.771000	13.537771	0.001000
1.772000	8.231562	0.001000
1.773000	5.989137	0.001000
1.774000	4.639393	0.001000
1.775000	5.321056	0.001000
1.776000	5.376280	0.001000
1.777000	6.316484	0.001000
1.778000	8.418327	0.001000
1.779000	14.582065	0.001000
1.780000	9.574675	0.001000
1.781000	3.919220	0.001000
1.782000	11.079827	0.001000
1.783000	4.578193	0.001000
1.784000	13.398661	0.001000
1.785000	16.349371	0.001000
1.786000	13.557529	0.001000
1.787000	8.875057	0.001000
1.788000	11.616304	0.001000
1.789000	12.042202	0.001000
1.790000	8.775313	0.001000
1.791000	17.883036	0.001000
1.792000	8.887534	0.001000
1.793000	7.900264	0.001000
1.794000	10.697555	0.001000
1.795000	7.643788	0.001000
1.796000	9.482268	0.001000
1.797000	7.021510	0.001000
1.798000	9.314274	0.001000
1.799000	8.473550	0.001000
1.800000	6.476578	0.001000
1.801000	8.440735	0.001000
1.802000	10.613257	0.001000
1.803000	7.098527	0.001000
1.804000	7.756712	0.001000
1.805000	14.023278	0.001000
1.806000	10.185278	0.001000
1.807000	10.299440	0.001000
1.808000	4.620774	0.001000
1.809000	6.040859	0.001000
1.810000	10.811763	0.001000
1.811000	4.419415	0.001000
1.812000	7.064924	0.001000
1.813000	9.249862	0.001000
1.814000	10.196188	0.001000
1.815000	16.447458	0.001000
1.816000	13.977349	0.001000
1.817000	12.863156	0.001000
1.818000	18.865402	0.001000
1.819000	12.614826	0.001000
1.820000	10.883592	0.001000
1.821000	6.267207	0.001000
1.822000	2136005.661273	0.001000
1.823000	12.116569	0.001000
1.824000	4.974299	0.001000
1.825000	6.294942	0.001000
1.826000	9.324557	0.001000
1.827000	5.594441	0.001000
1.828000	5.404788	0.001000
1.829000	10.821038	0.001000
1.830000	12.820320	0.001000
1.831000	7.565377	0.001000
1.832000	12.694942	0.001000
1.833000	10.741488	0.001000
1.834000	10.576180	0.001000
1.835000	13.804400	0.001000
1.836000	12.759141	0.001000
1.837000	7.154473	0.001000
1.838000	10.193522	0.001000
1.839000	12.497695	0.001000
1.840000	12.231687	0.001000
1.841000	15.206601	0.001000
1.842000	17.864480	0.001000
1.843000	8.488349	0.001000
1.844000	6.011702	0.001000
1.845000	7.707825	0.001000
1.846000	14.207486	0.001000
1.847000	12.231342	0.001000
1.848000	10.598282	0.001000
1.849000	8.486183	0.001000
1.850000	7.991407	0.001000
1.851000	6.541880	0.001000
1.852000	7.337956	0.001000
1.853000	9.619257	0.001000
1.854000	9.241423	0.001000
1.855000	7.902555	0.001000
1.856000	6.451516	0.001000
1.857000	15.500709	0.001000
1.858000	7.431636	0.001000
1.859000	11.757304	0.001000
1.860000	7.498853	0.001000
1.861000	6.756433	0.001000
1.862000	5.508043	0.001000
1.863000	7.847376	0.001000
1.864000	6.270185	0.001000
1.865000	9.990880	0.001000
1.866000	149.434110	0.001000
1.867000	54856.850813	0.001000
1.868000	6.080288	0.001000
1.869000	8.118562	0.001000
1.870000	4.772362	0.001000
1.871000	19.144208	0.001000
1.872000	19.182557	0.001000
1.873000	15.250773	0.001000
1.874000	8.852294	0.001000
1.875000	5.665104	0.001000
1.876000	15.388332	0.001000
1.877000	11.734382	0.001000
1.878000	8.102318	0.001000
1.879000	3.948417	0.001000
1.880000	6.775827	0.001000
1.881000	7.151162	0.001000
1.882000	7.381559	0.001000
1.883000	13.138367	0.001000
1.884000	10.678169	0.001000
1.885000	11.351737	0.001000
1.886000	10.320926	0.001000
1.887000	7.105751	0.001000
1.888000	27.108941	0.001000
1.889000	8.849471	0.001000
1.890000	6.099499	0.001000
1.891000	21.024825	0.001000
1.892000	8.616487	0.001000
1.893000	8.041916	0.001000
1.894000	5.438630	0.001000
1.895000	2.605093	0.001000
1.896000	65.704284	0.001000
1.897000	205.220039	0.001000
1.898000	8.159862	0.001000
1.899000	5.484545	0.001000
1.900000	4.344360	0.001000
1.901000	13.885235	0.001000
1.902000	11.236749	0.001000
1.903000	17.515902	0.001000
1.904000	9.624193	0.001000
1.905000	6.158225	0.001000
1.906000	4.873553	0.001000
1.907000	5.759285	0.001000
1.908000	3.951986	0.001000
1.909000	3.166481	0.001000
1.910000	6.088738	0.001000
1.911000	6.179605	0.001000
1.912000	10.475837	0.001000
1.913000	9.800619	0.001000
1.914000	2.834273	0.001000
1.915000	10.422795	0.001000
1.916000	14.231399	0.001000
1.917000	13.337831	0.001000
1.918000	7.835891	0.001000
1.919000	4.980129	0.001000
1.920000	9.252141	0.001000
1.921000	6.969876	0.001000
1.922000	8.168704	0.001000
1.923000	4.608142	0.001000
1.924000	6.500157	0.001000
1.925000	7.505104	0.001000
1.926000	7.926770	0.001000
1.927000	1278701327.223660	0.001000
1.928000	7.571515	0.001000
1.929000	25.509255	0.001000
1.930000	590.431103	0.001000
1.931000	111414.764482	0.001000
1.932000	12.233836	0.001000
1.933000	6.182788	0.001000
1.934000	4.783776	0.001000
1.935000	4.819724	0.001000
1.936000	11.851890	0.001000
1.937000	6.152352	0.001000
1.938000	232.512043	0.001000
1.939000	3819.889411	0.001000
1.940000	3.220944	0.001000
1.941000	10.967620	0.001000
1.942000	7.869898	0.001000
1.943000	14.221956	0.001000
1.944000	18.454270	0.001000
1.945000	5.238997	0.001000
1.946000	40.785416	0.001000
1.947000	5.054407	0.001000
1.948000	5.917130	0.001000
1.949000	7.440855	0.001000
1.950000	17.703157	0.001000
1.951000	8.958151	0.001000
1.952000	10.140402	0.001000
1.953000	11.192145	0.001000
1.954000	6.350793	0.001000
1.955000	7.524511	0.001000
1.956000	3.504954	0.001000
1.957000	7.954329	0.001000
1.958000	8.854696	0.001000
1.959000	6.854023	0.001000
1.960000	24.856718	0.001000
1.961000	13.561003	0.001000
1.962000	23.691483	0.001000
1.963000	7.843497	0.001000
1.964000	11.139791	0.001000
1.965000	8.047074	0.001000
1.966000	8.141867	0.001000
1.967000	15.096719	0.001000
1.968000	8.797554	0.001000
1.969000	10.959161	0.001000
1.970000	10.099015	0.001000
1.971000	18.368684	0.001000
1.972000	18.428604	0.001000
1.973000	10.581517	0.001000
1.974000	6.146839	0.001000
1.975000	9.106335	0.001000
1.976000	16.275319	0.001000
1.977000	16.009926	0.001000
1.978000	3.674785	0.001000
1.979000	10.643940	0.001000
1.980000	7.809394	0.001000
1.981000	8.476228	0.001000
1.982000	15.598560	0.001000
1.983000	6.644058	0.001000
1.984000	11.139847	0.001000
1.985000	26.591117	0.001000
1.986000	23.011397	0.001000
1.987000	11.225005	0.001000
1.988000	11.899788	0.001000
1.989000	8.841132	0.001000
1.990000	10.115201	0.001000
1.991000	5.905588	0.001000
1.992000	15.880785	0.001000
1.993000	4.204411	0.001000
1.994000	7.513519	0.001000
1.995000	5.453917	0.001000
1.996000	7.183306	0.001000
1.997000	14.708804	0.001000
1.998000	5.450799	0.001000
1.999000	13.793009	0.001000
