256
0.000000 6.246335
0.000000 6.246335
0.000000 6.246335
6.245150	6.217819	6.230966	1.000000
0.763745	0.761893	6.147474	1.000000
0.732371	0.016891	0.788944	1.000000
0.032583	0.860744	0.794928	1.000000
6.213235	6.211435	1.651576	1.000000
0.832760	0.731199	1.590263	1.000000
0.770583	6.162347	2.302554	1.000000
6.220626	0.816225	2.382130	1.000000
6.179482	6.118380	3.135167	1.000000
0.817600	0.775463	3.048775	1.000000
0.785261	6.182045	3.985457	1.000000
6.201282	0.730281	3.970352	1.000000
0.047873	0.017656	4.694192	1.000000
0.752289	0.788826	4.706954	1.000000
0.838251	0.048814	5.435538	1.000000
6.090865	0.766507	5.557284	1.000000
6.239952	1.563082	0.059464	1.000000
0.759561	2.311876	6.141105	1.000000
0.854056	1.570458	0.714280	1.000000
0.000000	2.342375	0.780792	1.000000
0.028987	1.646109	1.616087	1.000000
0.780792	2.342375	1.561584	1.000000
0.806911	1.573107	2.405781	1.000000
0.000000	2.342375	2.342375	1.000000
6.177271	1.503628	3.147216	1.000000
0.844372	2.397323	3.181244	1.000000
0.738092	1.537585	3.949015	1.000000
0.000000	2.342375	3.903960	1.000000
6.211326	1.548802	4.737193	1.000000
0.847300	2.281575	4.704937	1.000000
0.780792	1.561584	5.465543	1.000000
0.000000	2.342375	5.465543	1.000000
0.066059	3.049759	0.059449	1.000000
0.718691	3.947882	6.180294	1.000000
0.780792	3.123168	0.780792	1.000000
0.034777	3.832758	0.745809	1.000000
6.242725	3.179828	1.513430	1.000000
0.736266	3.910152	1.642641	1.000000
0.822397	3.074713	2.391661	1.000000
0.000000	3.903960	2.342375	1.000000
0.019877	3.132643	3.157412	1.000000
0.818289	3.940543	3.098719	1.000000
0.837605	3.203112	3.879471	1.000000
6.213146	3.912294	3.874551	1.000000
0.000000	3.123168	4.684751	1.000000
0.780792	3.903960	4.684751	1.000000
0.804217	3.141609	5.384300	1.000000
0.026630	3.815812	5.414481	1.000000
0.025511	4.692814	0.050301	1.000000
0.780792	5.465543	0.000000	1.000000
0.780792	4.684751	0.780792	1.000000
0.071126	5.445454	0.715986	1.000000
0.039696	4.796897	1.585691	1.000000
0.758687	5.487020	1.490998	1.000000
0.792725	4.818766	2.329765	1.000000
0.000000	5.465543	2.342375	1.000000
6.222031	4.638261	3.049128	1.000000
0.797191	5.538679	3.095409	1.000000
0.755872	4.628209	3.834576	1.000000
0.020478	5.537265	4.005271	1.000000
0.041042	4.610998	4.769037	1.000000
0.780792	5.465543	4.684751	1.000000
0.818341	4.718957	5.508815	1.000000
0.000000	5.465543	5.465543	1.000000
1.561584	0.000000	0.000000	1.000000
2.342375	0.780792	0.000000	1.000000
2.249589	0.053819	0.792481	1.000000
1.571781	0.835875	0.796856	1.000000
1.614907	0.000759	1.599206	1.000000
2.333152	0.796932	1.559686	1.000000
2.432032	0.068942	2.323718	1.000000
1.561584	0.780792	2.342375	1.000000
1.503496	0.008643	3.090583	1.000000
2.242362	0.770538	3.120267	1.000000
2.293826	0.140537	3.930718	1.000000
1.511507	0.853888	3.976085	1.000000
1.549443	0.085914	4.704053	1.000000
2.285799	0.791710	4.755665	1.000000
2.313724	6.207877	5.473312	1.000000
1.621442	0.735051	5.545879	1.000000
1.611451	1.511596	6.220117	1.000000
2.342375	2.342375	0.000000	1.000000
2.310033	1.555354	0.688959	1.000000
1.561344	2.347413	0.649650	1.000000
1.521927	1.559267	1.634599	1.000000
2.220131	2.365175	1.590436	1.000000
2.396042	1.593998	2.314301	1.000000
1.610724	2.366477	2.433539	1.000000
1.651694	1.592822	3.114457	1.000000
2.358000	2.376136	3.100945	1.000000
2.342375	1.561584	3.903960	1.000000
1.562241	2.281014	3.987680	1.000000
1.561584	1.561584	4.684751	1.000000
2.300338	2.279878	4.744919	1.000000
2.389167	1.609294	5.483254	1.000000
1.544054	2.314838	5.433352	1.000000
1.561584	3.123168	0.000000	1.000000
2.209604	3.910227	6.159385	1.000000
2.419375	3.077013	0.819383	1.000000
1.609604	3.945908	0.859973	1.000000
1.458716	3.134619	1.554834	1.000000
2.342375	3.903960	1.561584	1.000000
2.342375	3.123168	2.342375	1.000000
1.530073	3.962120	2.273871	1.000000
1.594529	3.186158	3.154982	1.000000
2.351475	3.928751	3.102307	1.000000
2.342375	3.123168	3.903960	1.000000
1.562801	4.030644	3.979164	1.000000
1.556745	3.164847	4.684384	1.000000
2.342375	3.903960	4.684751	1.000000
2.362943	3.067022	5.447732	1.000000
1.553291	3.972695	5.339009	1.000000
1.548174	4.769625	6.211570	1.000000
2.463299	5.551654	6.241844	1.000000
2.341764	4.772590	0.742648	1.000000
1.518179	5.584222	0.843891	1.000000
1.543060	4.745670	1.484650	1.000000
2.365379	5.414064	1.554165	1.000000
2.381573	4.746843	2.407988	1.000000
1.561584	5.465543	2.342375	1.000000
1.684956	4.739170	3.209817	1.000000
2.294225	5.532594	3.089262	1.000000
2.381304	4.687325	3.941612	1.000000
1.565562	5.541109	3.901943	1.000000
1.569726	4.768204	4.690384	1.000000
2.312542	5.609648	4.582366	1.000000
2.342099	4.770060	5.565727	1.000000
1.561584	5.465543	5.465543	1.000000
3.208148	0.046234	6.202130	1.000000
3.845493	0.837846	0.086607	1.000000
3.903960	0.000000	0.780792	1.000000
3.024901	0.823645	0.734816	1.000000
3.201479	6.183988	1.491715	1.000000
3.796437	0.772675	1.407626	1.000000
3.885347	0.010517	2.407886	1.000000
3.223544	0.757292	2.328597	1.000000
3.025887	0.084270	3.134865	1.000000
3.929684	0.786570	3.152362	1.000000
4.020337	0.017997	3.914899	1.000000
3.123168	0.780792	3.903960	1.000000
3.189112	6.188978	4.673526	1.000000
3.903960	0.780792	4.684751	1.000000
4.047351	0.009151	5.481434	1.000000
3.121005	0.859816	5.606603	1.000000
3.125840	1.598756	0.050803	1.000000
3.913992	2.396072	6.178447	1.000000
3.903960	1.561584	0.780792	1.000000
3.027025	2.265921	0.850767	1.000000
3.123168	1.561584	1.561584	1.000000
3.993265	2.251926	1.509036	1.000000
3.877377	1.652498	2.355787	1.000000
3.130440	2.367561	2.262113	1.000000
3.104964	1.669058	3.130142	1.000000
3.891359	2.318286	3.138982	1.000000
3.940238	1.541591	3.946041	1.000000
3.036673	2.315392	3.952754	1.000000
2.999722	1.488384	4.662153	1.000000
3.903960	2.342375	4.684751	1.000000
3.903960	1.561584	5.465543	1.000000
3.160069	2.335291	5.491085	1.000000
3.127977	3.046124	0.015252	1.000000
3.849033	3.954165	6.129680	1.000000
3.994776	3.173844	0.775680	1.000000
3.123168	3.903960	0.780792	1.000000
3.237195	3.053296	1.503990	1.000000
3.903960	3.903960	1.561584	1.000000
3.903960	3.123168	2.342375	1.000000
3.075948	3.893352	2.337262	1.000000
3.158912	3.164064	3.193968	1.000000
3.877793	4.032224	3.028955	1.000000
3.903960	3.123168	3.903960	1.000000
3.145281	3.989186	3.957461	1.000000
3.166948	3.121054	4.666698	1.000000
3.900589	3.921169	4.682901	1.000000
3.877777	3.061974	5.418891	1.000000
3.093531	3.845503	5.435256	1.000000
3.123168	4.684751	0.000000	1.000000
3.903960	5.465543	0.000000	1.000000
3.903960	4.684751	0.780792	1.000000
3.159281	5.486781	0.714199	1.000000
3.043613	4.663062	1.500447	1.000000
3.883674	5.400701	1.543970	1.000000
3.803890	4.658405	2.228698	1.000000
3.141303	5.568016	2.392829	1.000000
3.098546	4.795887	3.155803	1.000000
3.903960	5.465543	3.123168	1.000000
3.945736	4.650363	3.941231	1.000000
3.123168	5.465543	3.903960	1.000000
3.123168	4.684751	4.684751	1.000000
3.903960	5.465543	4.684751	1.000000
4.074248	4.705949	5.492987	1.000000
3.182219	5.437362	5.489160	1.000000
4.680936	0.011758	0.030544	1.000000
5.429257	0.811185	0.084906	1.000000
5.555894	0.043507	0.771520	1.000000
4.684751	0.780792	0.780792	1.000000
4.663856	0.033189	1.499923	1.000000
5.426588	0.873237	1.511359	1.000000
5.436510	0.117442	2.289489	1.000000
4.651478	0.760695	2.429619	1.000000
4.684751	0.000000	3.123168	1.000000
5.538734	0.674146	3.139242	1.000000
5.465543	0.000000	3.903960	1.000000
4.757625	0.819843	3.962358	1.000000
4.684751	0.000000	4.684751	1.000000
5.420925	0.702751	4.727277	1.000000
5.471951	6.207392	5.545659	1.000000
4.684751	0.780792	5.465543	1.000000
4.649078	1.504821	0.050481	1.000000
5.536280	2.342520	6.177080	1.000000
5.465543	1.561584	0.780792	1.000000
4.702786	2.328387	0.788023	1.000000
4.709656	1.562053	1.622331	1.000000
5.465543	2.342375	1.561584	1.000000
5.465543	1.561584	2.342375	1.000000
4.695675	2.378653	2.261401	1.000000
4.754768	1.537243	3.103221	1.000000
5.511339	2.272953	3.073737	1.000000
5.496670	1.531163	3.896597	1.000000
4.671000	2.341626	4.025805	1.000000
4.684751	1.561584	4.684751	1.000000
5.508098	2.411516	4.639282	1.000000
5.504512	1.629899	5.472818	1.000000
4.652022	2.404211	5.381152	1.000000
4.706620	3.022628	0.032664	1.000000
5.569284	3.949285	0.007960	1.000000
5.494463	3.168570	0.639961	1.000000
4.684751	3.903960	0.780792	1.000000
4.684751	3.123168	1.561584	1.000000
5.556281	3.927458	1.493200	1.000000
5.429961	3.139827	2.297536	1.000000
4.684751	3.903960	2.342375	1.000000
4.684751	3.123168	3.123168	1.000000
5.365531	3.867165	3.100366	1.000000
5.374085	3.150589	3.931418	1.000000
4.629395	3.896711	3.865451	1.000000
4.684751	3.123168	4.684751	1.000000
5.392421	3.910634	4.743174	1.000000
5.465543	3.123168	5.465543	1.000000
4.684751	3.903960	5.465543	1.000000
4.748819	4.679813	0.118715	1.000000
5.439210	5.429672	6.245387	1.000000
5.537579	4.636812	0.745826	1.000000
4.684751	5.465543	0.780792	1.000000
4.783859	4.673556	1.440029	1.000000
5.512908	5.460140	1.631419	1.000000
5.502805	4.673386	2.278704	1.000000
4.767737	5.463142	2.347230	1.000000
4.684751	4.684751	3.123168	1.000000
5.384279	5.446964	3.186718	1.000000
5.391327	4.627342	3.829131	1.000000
4.636989	5.446948	3.867780	1.000000
4.684751	4.684751	4.684751	1.000000
5.465543	5.465543	4.684751	1.000000
5.544221	4.657219	5.485549	1.000000
4.808345	5.422805	5.443895	1.000000
