256
0.000000 6.945863
0.000000 6.945863
0.000000 6.945863
6.728042	0.012392	6.791968	1.000000
0.976198	0.954613	6.793455	1.000000
1.068964	0.448654	0.923563	1.000000
6.886670	0.707190	0.583388	1.000000
1.495096	6.731140	1.575336	1.000000
0.359127	6.510467	1.184424	1.000000
1.124507	0.651063	2.016507	1.000000
6.921933	0.313814	2.649593	1.000000
6.922053	0.208674	3.723782	1.000000
0.482965	1.235766	2.782150	1.000000
0.874755	0.006668	4.114151	1.000000
6.598317	0.994679	4.759626	1.000000
6.805440	6.898693	5.512144	1.000000
0.931630	0.109698	5.142251	1.000000
0.719910	6.841042	6.389625	1.000000
0.432550	0.975030	5.665054	1.000000
6.738904	1.466860	6.323449	1.000000
0.658831	2.265660	6.380738	1.000000
1.992596	0.976773	0.839256	1.000000
0.466084	2.268257	0.595036	1.000000
0.065857	1.760980	1.473972	1.000000
0.458197	3.196353	2.858440	1.000000
0.798904	2.430150	2.150575	1.000000
0.125669	2.201224	2.922492	1.000000
6.499200	1.498291	3.470863	1.000000
1.213251	2.801857	3.396225	1.000000
0.467599	1.899115	4.131450	1.000000
0.485246	3.002572	4.099189	1.000000
6.709085	2.008675	4.878928	1.000000
0.399264	2.836162	5.272216	1.000000
0.739386	1.848733	5.134026	1.000000
6.523577	2.445737	5.873597	1.000000
0.171003	3.140268	0.092911	1.000000
1.567526	4.387201	6.680030	1.000000
0.553531	3.671596	0.871228	1.000000
6.508699	4.234756	0.849408	1.000000
6.398111	2.937994	2.213582	1.000000
0.553998	4.316574	1.674725	1.000000
0.802780	4.203808	2.789655	1.000000
6.769493	4.194323	2.415204	1.000000
6.795068	3.718118	3.476770	1.000000
0.711477	5.004819	3.531616	1.000000
0.813393	3.946559	3.991654	1.000000
6.791522	4.379925	4.287348	1.000000
6.364924	3.257171	4.816971	1.000000
0.474407	4.177436	5.142173	1.000000
0.417026	3.553399	6.000543	1.000000
0.942118	4.873052	5.888774	1.000000
0.168678	4.309223	6.827239	1.000000
0.576470	5.954756	0.203587	1.000000
1.235968	4.782648	0.649637	1.000000
6.561435	6.029345	0.688438	1.000000
6.552974	4.950471	1.554285	1.000000
0.866636	5.624423	1.348036	1.000000
0.835441	6.720472	2.728447	1.000000
0.089936	5.701937	2.335683	1.000000
6.641367	5.065276	3.331139	1.000000
0.853208	6.026073	3.524456	1.000000
0.211843	5.197127	4.838573	1.000000
6.710676	5.931905	4.067699	1.000000
6.357366	5.929526	5.163358	1.000000
0.458429	6.210762	4.801501	1.000000
1.361024	5.405956	6.673430	1.000000
0.243329	5.735852	5.933571	1.000000
1.690423	6.899474	5.825637	1.000000
2.851048	0.330631	6.758614	1.000000
2.264242	6.939929	0.852221	1.000000
1.972489	1.330681	6.547827	1.000000
1.930346	5.806526	1.156993	1.000000
1.865548	1.468131	1.938175	1.000000
2.197460	0.034091	2.640910	1.000000
2.373029	0.504859	1.753448	1.000000
1.757097	6.557202	3.562917	1.000000
2.155748	0.692795	3.403692	1.000000
2.763943	0.028521	3.990727	1.000000
1.339816	1.419040	4.347198	1.000000
1.914408	0.485728	4.404941	1.000000
2.874476	0.988106	4.533203	1.000000
2.793885	6.103967	6.182033	1.000000
1.454960	1.209085	5.580402	1.000000
1.405807	1.998816	0.309447	1.000000
3.008329	2.349119	6.902885	1.000000
2.294353	2.303152	0.680459	1.000000
1.238899	2.625768	1.127068	1.000000
1.051790	1.572258	1.238415	1.000000
3.103082	3.803906	2.586005	1.000000
2.616802	1.713026	2.746287	1.000000
1.835746	2.416717	2.532329	1.000000
1.431069	1.577205	3.139670	1.000000
2.593746	2.723197	3.133248	1.000000
2.616448	2.099770	4.077460	1.000000
1.491672	2.460701	4.365026	1.000000
2.664502	0.408256	5.592855	1.000000
2.290657	2.103710	5.175602	1.000000
2.891194	1.644424	5.940878	1.000000
1.346316	2.629317	5.610528	1.000000
1.270589	3.408928	6.619279	1.000000
2.077483	3.482906	6.004636	1.000000
2.295112	3.158653	0.145154	1.000000
1.678503	3.770047	0.919062	1.000000
1.717605	3.353557	1.873535	1.000000
2.624701	3.958983	1.268868	1.000000
2.567958	4.591556	2.207149	1.000000
1.051497	5.253426	2.397093	1.000000
2.203254	3.927861	3.662676	1.000000
1.593980	3.583758	2.846806	1.000000
2.676652	3.078725	4.352975	1.000000
2.549407	4.382712	4.529639	1.000000
1.254355	3.323432	4.887288	1.000000
3.165842	3.961118	5.603516	1.000000
2.226208	2.478946	6.259926	1.000000
1.601466	4.435878	5.033048	1.000000
2.309564	4.584603	0.426632	1.000000
2.504056	6.052473	0.302762	1.000000
3.191998	5.328194	0.376971	1.000000
1.762620	6.814537	6.902396	1.000000
1.908648	4.799562	1.413121	1.000000
2.768700	6.311244	2.057252	1.000000
2.367004	5.459002	4.441838	1.000000
2.034418	5.645568	2.287469	1.000000
1.694856	4.992784	3.127470	1.000000
2.384597	5.790904	3.278979	1.000000
2.747280	6.036932	5.179390	1.000000
1.865186	6.487858	4.767118	1.000000
1.306270	5.451184	4.384297	1.000000
2.684633	4.946174	5.551509	1.000000
2.309133	5.127781	6.488439	1.000000
1.542899	5.741647	5.702006	1.000000
3.493456	0.116366	0.616724	1.000000
4.066539	1.003683	0.458864	1.000000
4.593224	6.493284	0.420649	1.000000
3.051247	1.181220	1.322547	1.000000
3.541983	0.010155	1.739490	1.000000
4.704499	1.258669	1.313897	1.000000
4.271770	0.075655	2.610986	1.000000
2.990386	0.675629	2.681985	1.000000
3.128791	6.542823	3.144632	1.000000
4.660467	0.920347	3.031866	1.000000
3.913870	6.703741	4.147834	1.000000
3.472163	0.757224	3.557625	1.000000
3.420530	6.919530	5.017780	1.000000
4.366398	0.246959	5.337073	1.000000
4.814225	6.848009	6.420438	1.000000
3.620508	0.977141	6.385342	1.000000
2.905436	1.371950	0.210518	1.000000
4.332161	2.768565	0.371146	1.000000
5.406197	2.929023	0.799256	1.000000
3.596794	2.040773	0.769606	1.000000
2.883724	2.258782	1.653494	1.000000
4.325485	2.590732	1.581838	1.000000
3.722555	1.718754	1.847894	1.000000
3.644907	2.621693	2.872577	1.000000
3.615998	1.610638	3.019811	1.000000
4.137366	1.988060	3.808273	1.000000
3.967950	1.013267	4.739175	1.000000
3.601244	2.657631	4.478077	1.000000
3.459119	1.890591	5.125824	1.000000
4.546237	2.623804	5.823660	1.000000
4.704243	0.981126	6.087656	1.000000
4.198494	1.789179	6.640956	1.000000
3.560055	3.199025	6.783949	1.000000
4.418584	3.869530	0.061271	1.000000
4.208361	3.554403	0.991299	1.000000
3.489237	4.239114	0.456956	1.000000
3.095963	3.095997	1.014292	1.000000
3.869911	3.586059	1.942636	1.000000
4.279384	3.731812	3.243120	1.000000
2.794231	4.659129	3.200542	1.000000
3.360009	3.669060	3.749363	1.000000
3.873946	4.539809	3.700018	1.000000
4.657538	3.087204	4.379196	1.000000
4.180446	3.722806	5.196086	1.000000
3.261334	2.786656	5.876588	1.000000
4.530511	4.266645	6.045517	1.000000
5.398843	3.077765	5.492069	1.000000
2.826037	4.123106	6.594713	1.000000
3.902219	5.077490	6.645659	1.000000
3.641054	6.876698	6.148722	1.000000
4.540635	5.104604	0.750600	1.000000
3.744593	5.989177	0.892451	1.000000
3.794072	4.612761	2.505839	1.000000
4.317463	6.245234	1.874057	1.000000
4.583281	5.143862	2.004637	1.000000
3.383540	5.548380	2.421017	1.000000
3.414497	5.500877	3.442047	1.000000
4.198424	5.920254	2.881880	1.000000
4.497303	5.362272	3.978320	1.000000
3.282136	5.940626	4.339313	1.000000
3.391843	4.936257	4.783134	1.000000
4.536089	6.143672	4.822533	1.000000
3.811958	6.078846	6.727745	1.000000
3.679522	5.673312	5.730689	1.000000
5.742857	6.888356	0.376714	1.000000
6.003891	1.139630	0.016493	1.000000
5.654009	0.196106	1.431546	1.000000
5.061203	0.717183	0.542007	1.000000
4.493917	0.265824	1.548647	1.000000
6.533481	0.790890	1.736135	1.000000
6.218421	6.446640	1.916162	1.000000
5.348195	1.031697	2.094073	1.000000
5.223862	6.780316	3.382583	1.000000
5.840133	0.462334	2.885916	1.000000
5.948744	0.699771	4.050378	1.000000
4.927360	1.055664	4.122701	1.000000
5.330553	6.779032	5.452880	1.000000
6.002806	0.590087	5.927990	1.000000
5.935547	6.455906	6.337472	1.000000
5.227159	0.855307	5.089771	1.000000
5.040168	1.785916	0.367304	1.000000
6.327892	2.228872	0.427736	1.000000
5.751179	1.268578	1.097854	1.000000
6.057830	3.275343	0.041401	1.000000
5.475531	2.203279	1.664069	1.000000
6.750763	3.001777	1.275025	1.000000
6.221240	1.720910	2.314945	1.000000
4.851418	2.585448	2.572004	1.000000
5.573976	1.805006	3.076964	1.000000
6.151150	2.706989	3.977299	1.000000
5.730698	1.679567	4.119453	1.000000
5.034945	2.456439	3.661563	1.000000
4.521450	1.925400	4.823527	1.000000
5.496472	2.206778	4.941246	1.000000
5.600480	1.703696	5.924404	1.000000
5.381540	2.571031	6.386177	1.000000
5.286694	3.613207	6.410197	1.000000
5.935755	4.377322	6.670058	1.000000
5.823633	3.904979	1.519473	1.000000
5.477115	3.989943	0.563862	1.000000
4.968960	3.633132	2.281917	1.000000
5.420671	4.879329	1.448261	1.000000
5.562331	3.535369	3.205763	1.000000
4.818214	4.582965	2.994631	1.000000
4.804828	4.122026	4.022391	1.000000
5.876010	4.398808	3.668371	1.000000
5.582645	3.498101	4.211007	1.000000
4.387657	4.870465	4.928356	1.000000
5.787259	4.387072	4.730847	1.000000
6.630430	4.508226	5.742916	1.000000
6.226139	3.456018	5.972925	1.000000
5.366853	4.728192	5.743784	1.000000
5.022710	4.716715	6.899226	1.000000
5.294659	5.772410	6.927141	1.000000
5.986096	5.134186	0.495918	1.000000
5.629179	6.095231	1.057278	1.000000
3.363636	4.857231	1.622272	1.000000
5.787592	5.455201	2.318208	1.000000
5.772421	4.239321	2.525333	1.000000
5.217164	6.537877	2.343905	1.000000
5.339426	5.638734	3.272730	1.000000
6.099922	6.218122	2.930741	1.000000
5.869903	5.318205	4.318513	1.000000
5.410459	6.241651	4.218808	1.000000
5.334343	5.587341	5.151545	1.000000
6.133191	6.828055	4.657140	1.000000
6.517700	5.351377	6.577392	1.000000
4.682853	5.484171	6.107410	1.000000
