0.056486	0.050253	50.000000	256	1.000000
200.000000	243.072063	0.065000	0.000000	0.280566	0.000000
400.000000	242.172636	0.095000	0.000000	0.297344	0.000000
600.000000	241.067774	0.095000	0.000000	0.324883	0.000000
800.000000	240.417847	0.050000	0.000000	0.353281	0.000000
1000.000000	239.017520	0.130000	0.000000	0.381816	0.000000
1200.000000	238.097483	0.115000	0.000000	0.404219	0.000000
1400.000000	236.682796	0.155000	0.000000	0.429863	0.000000
1600.000000	235.301889	0.160000	0.000000	0.460273	1.000000
1800.000000	234.502911	0.125000	0.000000	0.448105	1.000000
2000.000000	232.845007	0.170000	0.000000	0.489395	2.000000
2200.000000	231.006338	0.160000	0.000000	0.476016	3.000000
2400.000000	229.264817	0.195000	0.000000	0.462988	4.000000
2600.000000	228.146379	0.195000	0.000000	0.450957	4.000000
2800.000000	226.200087	0.200000	0.000000	0.441387	4.000000
3000.000000	224.921094	0.210000	0.000000	0.437480	4.000000
3200.000000	224.080846	0.275000	0.000000	0.426504	4.000000
3400.000000	222.753892	0.250000	0.000000	0.423828	4.000000
3600.000000	221.501038	0.275000	0.000000	0.407988	4.000000
3800.000000	220.361994	0.250000	0.000000	0.399707	4.000000
4000.000000	219.698883	0.290000	0.000000	0.398535	4.000000
4200.000000	218.672110	0.335000	0.000000	0.395469	4.000000
4400.000000	217.993307	0.290000	0.000000	0.390820	4.000000
4600.000000	216.814306	0.445000	0.000000	0.377090	4.000000
4800.000000	216.527927	0.365000	0.000000	0.376367	4.000000
5000.000000	215.950709	0.450000	1.000000	0.375195	0.000000
5200.000000	215.398365	0.485000	2.000000	0.395254	0.000000
5400.000000	214.399101	0.450000	3.000000	0.420566	0.000000
5600.000000	213.603825	0.405000	3.000000	0.444180	0.000000
5800.000000	212.697970	0.500000	4.000000	0.479375	1.000000
6000.000000	212.108322	0.460000	4.000000	0.468750	2.000000
6200.000000	211.721285	0.435000	4.000000	0.461562	3.000000
6400.000000	211.397290	0.470000	4.000000	0.466680	4.000000
6600.000000	211.096122	0.390000	4.000000	0.460605	4.000000
6800.000000	210.535493	0.490000	4.000000	0.447227	4.000000
7000.000000	210.172273	0.490000	4.000000	0.455352	4.000000
7200.000000	209.895848	0.435000	4.000000	0.437324	4.000000
7400.000000	209.166523	0.460000	4.000000	0.441953	4.000000
7600.000000	208.761994	0.480000	4.000000	0.435449	4.000000
7800.000000	208.553968	0.400000	4.000000	0.434609	4.000000
8000.000000	208.214261	0.415000	4.000000	0.424746	4.000000
8200.000000	207.851556	0.425000	4.000000	0.426914	4.000000
8400.000000	207.576500	0.405000	4.000000	0.416270	4.000000
8600.000000	207.439269	0.410000	4.000000	0.421504	4.000000
8800.000000	207.011212	0.465000	4.000000	0.420879	4.000000
9000.000000	206.460252	0.515000	4.000000	0.420059	4.000000
9200.000000	205.907646	0.425000	4.000000	0.403867	4.000000
9400.000000	205.213134	0.440000	4.000000	0.393281	4.000000
9600.000000	205.201421	0.435000	4.000000	0.381602	4.000000
9800.000000	204.398397	0.400000	4.000000	0.383594	4.000000
10000.000000	204.144908	0.375000	4.000000	0.369395	4.000000
10200.000000	203.909979	0.410000	4.000000	0.374082	4.000000
10400.000000	203.550875	0.395000	4.000000	0.370410	4.000000
10600.000000	203.040104	0.435000	4.000000	0.365684	4.000000
10800.000000	202.911900	0.440000	4.000000	0.364668	4.000000
11000.000000	202.782289	0.415000	4.000000	0.358770	4.000000
11200.000000	202.765795	0.405000	4.000000	0.362500	4.000000
11400.000000	202.488598	0.395000	4.000000	0.353457	4.000000
11600.000000	202.538326	0.360000	4.000000	0.354238	4.000000
11800.000000	202.389790	0.490000	4.000000	0.357266	4.000000
12000.000000	202.224565	0.450000	4.000000	0.351055	4.000000
12200.000000	201.942533	0.385000	4.000000	0.345586	4.000000
12400.000000	201.865089	0.325000	4.000000	0.344258	4.000000
12600.000000	201.420441	0.485000	4.000000	0.341348	4.000000
12800.000000	201.036704	0.360000	4.000000	0.338203	4.000000
13000.000000	200.828403	0.425000	4.000000	0.330352	4.000000
13200.000000	200.722777	0.420000	4.000000	0.325215	4.000000
13400.000000	200.615998	0.410000	4.000000	0.326152	4.000000
13600.000000	200.005497	0.385000	4.000000	0.314785	4.000000
13800.000000	199.764469	0.460000	4.000000	0.315508	4.000000
14000.000000	199.725752	0.370000	4.000000	0.315176	4.000000
14200.000000	199.333089	0.415000	4.000000	0.312949	4.000000
14400.000000	199.438167	0.405000	4.000000	0.306543	4.000000
14600.000000	199.052661	0.425000	4.000000	0.312207	4.000000
14800.000000	199.190667	0.385000	4.000000	0.307461	4.000000
15000.000000	199.029610	0.355000	4.000000	0.301211	4.000000
15200.000000	199.019624	0.385000	4.000000	0.306875	4.000000
15400.000000	199.008269	0.325000	4.000000	0.302383	4.000000
15600.000000	198.894401	0.335000	4.000000	0.303750	4.000000
15800.000000	198.873293	0.435000	4.000000	0.302129	4.000000
16000.000000	198.862272	0.425000	4.000000	0.302695	4.000000
16200.000000	198.875864	0.330000	4.000000	0.300664	4.000000
16400.000000	198.926438	0.460000	4.000000	0.295000	4.000000
16600.000000	198.784015	0.365000	4.000000	0.293848	4.000000
16800.000000	198.874985	0.315000	4.000000	0.292285	4.000000
17000.000000	198.799094	0.295000	4.000000	0.301348	4.000000
17200.000000	198.538033	0.415000	4.000000	0.299316	4.000000
17400.000000	198.525050	0.410000	4.000000	0.297285	4.000000
17600.000000	198.242794	0.360000	4.000000	0.291055	4.000000
17800.000000	198.159165	0.355000	4.000000	0.283320	4.000000
18000.000000	197.942875	0.375000	4.000000	0.296836	4.000000
18200.000000	197.844864	0.370000	4.000000	0.285039	4.000000
18400.000000	197.765468	0.400000	4.000000	0.285254	4.000000
18600.000000	197.614441	0.380000	4.000000	0.284961	4.000000
18800.000000	197.545181	0.380000	4.000000	0.287910	4.000000
19000.000000	197.427373	0.445000	4.000000	0.278984	4.000000
19200.000000	197.249351	0.335000	4.000000	0.268359	4.000000
19400.000000	197.026345	0.400000	4.000000	0.272871	4.000000
19600.000000	197.115162	0.415000	4.000000	0.275723	4.000000
19800.000000	196.972438	0.310000	4.000000	0.267773	4.000000
20000.000000	196.957690	0.390000	4.000000	0.272891	4.000000
20200.000000	197.150337	0.420000	4.000000	0.267773	4.000000
20400.000000	197.146379	0.335000	4.000000	0.272422	4.000000
20600.000000	197.198679	0.285000	4.000000	0.272324	4.000000
20800.000000	197.257525	0.345000	4.000000	0.267207	4.000000
21000.000000	197.117748	0.365000	4.000000	0.275430	4.000000
21200.000000	197.194071	0.330000	4.000000	0.271699	4.000000
21400.000000	196.949239	0.330000	4.000000	0.273164	4.000000
21600.000000	197.031931	0.395000	4.000000	0.271836	4.000000
21800.000000	196.848484	0.465000	4.000000	0.272070	4.000000
22000.000000	196.811435	0.420000	4.000000	0.268359	4.000000
22200.000000	196.695460	0.410000	4.000000	0.272188	4.000000
22400.000000	196.630774	0.355000	4.000000	0.266934	4.000000
22600.000000	196.744103	0.380000	4.000000	0.269238	4.000000
22800.000000	196.747466	0.370000	4.000000	0.268750	4.000000
23000.000000	196.613565	0.390000	4.000000	0.267813	4.000000
23200.000000	196.589642	0.420000	4.000000	0.264551	4.000000
23400.000000	196.814270	0.380000	4.000000	0.265313	4.000000
23600.000000	196.854733	0.380000	4.000000	0.270176	4.000000
23800.000000	196.588789	0.490000	4.000000	0.264961	4.000000
24000.000000	196.213970	0.450000	4.000000	0.265527	4.000000
24200.000000	196.157424	0.305000	4.000000	0.258281	4.000000
24400.000000	196.295225	0.435000	4.000000	0.258242	4.000000
24600.000000	196.415068	0.385000	4.000000	0.256602	4.000000
24800.000000	196.352867	0.315000	4.000000	0.250703	4.000000
25000.000000	196.104901	0.390000	4.000000	0.255820	4.000000
25200.000000	196.102289	0.415000	4.000000	0.259004	4.000000
25400.000000	196.065825	0.340000	4.000000	0.258203	4.000000
25600.000000	196.203856	0.400000	4.000000	0.259961	4.000000
25800.000000	196.011807	0.390000	4.000000	0.250234	4.000000
26000.000000	196.111927	0.345000	4.000000	0.257500	4.000000
26200.000000	196.188928	0.325000	4.000000	0.254160	4.000000
26400.000000	196.605852	0.420000	4.000000	0.266270	4.000000
26600.000000	196.679137	0.350000	4.000000	0.264922	4.000000
26800.000000	196.541794	0.380000	4.000000	0.262266	4.000000
27000.000000	196.546196	0.335000	4.000000	0.260391	4.000000
27200.000000	196.416868	0.405000	4.000000	0.263027	4.000000
27400.000000	196.361970	0.365000	4.000000	0.259434	4.000000
27600.000000	196.495912	0.390000	4.000000	0.264688	4.000000
27800.000000	196.520322	0.380000	4.000000	0.267168	4.000000
28000.000000	196.308348	0.465000	4.000000	0.263594	4.000000
28200.000000	196.147395	0.330000	4.000000	0.260605	4.000000
28400.000000	196.091647	0.360000	4.000000	0.252266	4.000000
28600.000000	196.100029	0.300000	4.000000	0.255527	4.000000
28800.000000	196.024634	0.295000	4.000000	0.252949	4.000000
29000.000000	195.837172	0.415000	4.000000	0.256836	4.000000
29200.000000	195.907802	0.365000	4.000000	0.260840	4.000000
29400.000000	195.831838	0.385000	4.000000	0.259551	4.000000
29600.000000	195.868022	0.315000	4.000000	0.256289	4.000000
29800.000000	195.884384	0.460000	4.000000	0.256113	4.000000
30000.000000	196.125329	0.395000	4.000000	0.251641	4.000000
30200.000000	196.210611	0.430000	4.000000	0.260117	4.000000
30400.000000	196.182895	0.380000	4.000000	0.256621	4.000000
30600.000000	196.107656	0.385000	4.000000	0.263535	4.000000
30800.000000	196.014331	0.320000	4.000000	0.257383	4.000000
31000.000000	195.699860	0.375000	4.000000	0.255820	4.000000
31200.000000	195.585495	0.340000	4.000000	0.247871	4.000000
31400.000000	195.686878	0.385000	4.000000	0.246035	4.000000
31600.000000	195.782177	0.265000	4.000000	0.252500	4.000000
31800.000000	195.827405	0.415000	4.000000	0.253340	4.000000
32000.000000	195.701081	0.320000	4.000000	0.250430	4.000000
32200.000000	195.853946	0.300000	4.000000	0.249941	4.000000
32400.000000	195.950744	0.370000	4.000000	0.250371	4.000000
32600.000000	195.890767	0.410000	4.000000	0.251074	4.000000
32800.000000	195.923843	0.325000	4.000000	0.252051	4.000000
33000.000000	195.887722	0.410000	4.000000	0.257324	4.000000
33200.000000	195.894423	0.400000	4.000000	0.250703	4.000000
33400.000000	195.918632	0.315000	4.000000	0.249961	4.000000
33600.000000	196.064375	0.405000	4.000000	0.255547	4.000000
33800.000000	196.131980	0.355000	4.000000	0.256992	4.000000
34000.000000	196.481271	0.320000	4.000000	0.263945	4.000000
34200.000000	196.625809	0.405000	4.000000	0.263789	4.000000
34400.000000	196.902244	0.395000	4.000000	0.269316	4.000000
34600.000000	196.824347	0.370000	4.000000	0.267383	4.000000
34800.000000	196.698205	0.430000	4.000000	0.261309	4.000000
35000.000000	196.603796	0.415000	4.000000	0.263066	4.000000
35200.000000	196.329657	0.370000	4.000000	0.259492	4.000000
35400.000000	196.510720	0.345000	4.000000	0.265117	4.000000
35600.000000	196.666973	0.325000	4.000000	0.268145	4.000000
35800.000000	196.746869	0.400000	4.000000	0.264551	4.000000
36000.000000	196.654809	0.300000	4.000000	0.265937	4.000000
36200.000000	196.788334	0.385000	4.000000	0.273477	4.000000
36400.000000	197.003240	0.345000	4.000000	0.266875	4.000000
36600.000000	197.022075	0.380000	4.000000	0.271230	4.000000
36800.000000	197.030806	0.380000	4.000000	0.279062	4.000000
37000.000000	197.042644	0.330000	4.000000	0.274004	4.000000
37200.000000	197.071311	0.375000	4.000000	0.275234	4.000000
37400.000000	197.083174	0.370000	4.000000	0.277070	4.000000
37600.000000	197.216482	0.460000	4.000000	0.270508	4.000000
37800.000000	197.020582	0.360000	4.000000	0.273887	4.000000
38000.000000	197.032096	0.425000	4.000000	0.268633	4.000000
38200.000000	197.163926	0.395000	4.000000	0.268555	4.000000
38400.000000	196.901719	0.370000	4.000000	0.270332	4.000000
38600.000000	197.089072	0.395000	4.000000	0.275449	4.000000
38800.000000	197.073801	0.385000	4.000000	0.274199	4.000000
39000.000000	197.296639	0.325000	4.000000	0.277598	4.000000
39200.000000	197.253763	0.430000	4.000000	0.279629	4.000000
39400.000000	197.391308	0.415000	4.000000	0.283965	4.000000
39600.000000	197.149050	0.350000	4.000000	0.276152	4.000000
39800.000000	197.286746	0.370000	4.000000	0.275039	4.000000
0.000000	0.000000	0.000000	0.000000	0.000000	0.000000
