864
0.000000 10.893015
0.000000 10.893015
0.000000 10.893015
3.259984	10.622257	8.059332	1.000000
2.053655	1.223729	10.796438	1.000000
3.656044	9.461540	4.036872	1.000000
3.091992	1.945862	9.864103	1.000000
5.085503	6.980445	3.696872	1.000000
1.559578	4.497019	3.290362	1.000000
3.409207	1.691778	2.806006	1.000000
9.939398	0.355083	9.326476	1.000000
5.647405	1.618038	4.842160	1.000000
1.114489	7.733342	6.577865	1.000000
5.304292	10.585475	10.346343	1.000000
9.222440	2.645336	0.891248	1.000000
6.712826	4.783788	6.504071	1.000000
3.743452	2.025799	8.487747	1.000000
9.973525	1.574764	7.210959	1.000000
10.021100	7.643656	10.049789	1.000000
9.651365	0.992314	6.398150	1.000000
9.870200	3.652447	6.003437	1.000000
1.322582	1.517053	6.271849	1.000000
1.280645	6.868515	0.644726	1.000000
10.052123	1.742638	0.674445	1.000000
5.108027	7.618032	6.844822	1.000000
10.408085	2.766470	9.193978	1.000000
3.836438	6.787557	7.051502	1.000000
5.557789	1.178805	0.943693	1.000000
7.555021	8.221422	3.803732	1.000000
9.291632	2.247045	8.419755	1.000000
8.153442	2.889775	9.286528	1.000000
9.349776	4.049600	10.690583	1.000000
1.585806	0.146703	3.845032	1.000000
9.779908	7.468588	4.905399	1.000000
9.457526	6.065915	2.977994	1.000000
10.602726	0.442456	6.672700	1.000000
3.773194	6.520697	9.417044	1.000000
10.352630	3.064938	4.532526	1.000000
4.025193	1.268421	10.152721	1.000000
8.376627	4.106484	4.577159	1.000000
2.088336	2.564088	9.251799	1.000000
4.890981	1.765101	8.320657	1.000000
9.038500	8.417812	8.838329	1.000000
9.373117	4.204169	4.518732	1.000000
9.091457	7.638372	7.879485	1.000000
10.256595	9.464802	0.816004	1.000000
2.382144	2.540127	10.852833	1.000000
9.170017	4.789853	9.078217	1.000000
5.926331	1.996784	10.438279	1.000000
10.091059	3.221755	0.159202	1.000000
10.298441	4.427269	0.291408	1.000000
10.508177	4.912776	4.820551	1.000000
10.721444	5.948369	9.473169	1.000000
10.163403	0.714609	1.217001	1.000000
6.954223	2.160925	0.004316	1.000000
1.188157	3.026589	2.507032	1.000000
0.961413	2.093331	1.976408	1.000000
9.154038	2.044556	2.904982	1.000000
7.763513	5.256596	6.729397	1.000000
9.234950	5.713634	5.964205	1.000000
7.303497	6.307804	0.709305	1.000000
0.051640	3.694908	10.440574	1.000000
10.191064	10.536377	3.009053	1.000000
1.358595	7.655873	1.568827	1.000000
0.742788	4.911434	5.337173	1.000000
8.201683	2.497801	2.181664	1.000000
3.150383	3.375722	4.515190	1.000000
2.292809	1.447285	0.917189	1.000000
5.427642	0.725946	7.784909	1.000000
9.473436	3.358304	8.639858	1.000000
7.432458	3.053071	5.771036	1.000000
10.816059	9.925733	9.949947	1.000000
10.112652	2.202655	10.658801	1.000000
1.674662	4.282051	9.710472	1.000000
1.971666	9.184866	7.633611	1.000000
0.452716	6.758987	3.627591	1.000000
6.505261	5.403520	9.436279	1.000000
6.697824	9.092973	8.451262	1.000000
1.210203	2.868694	1.177083	1.000000
9.256834	5.231741	3.919016	1.000000
2.576452	7.968473	3.152458	1.000000
10.260863	9.473480	9.100471	1.000000
1.151458	7.330331	4.214420	1.000000
0.434819	0.017051	3.432531	1.000000
3.076288	2.040851	1.290470	1.000000
2.755202	5.480300	4.502512	1.000000
1.221368	5.821473	0.069784	1.000000
9.617546	5.682403	7.891054	1.000000
0.991932	5.912777	3.134318	1.000000
7.619257	8.070979	5.959644	1.000000
2.725287	2.903523	6.759347	1.000000
1.896879	2.291628	7.652306	1.000000
8.424809	9.560441	7.355185	1.000000
2.500522	8.839705	9.101564	1.000000
2.443090	2.405405	4.830270	1.000000
10.264539	3.981660	8.930297	1.000000
0.725954	10.892370	4.872854	1.000000
1.657900	0.788053	1.774628	1.000000
3.433824	7.875740	10.711271	1.000000
9.198947	7.264908	2.732553	1.000000
1.999487	10.392199	8.266852	1.000000
1.564086	8.917574	2.650250	1.000000
10.348232	6.195163	4.271130	1.000000
6.858528	5.772280	1.590964	1.000000
9.812661	9.155378	2.419186	1.000000
1.075754	3.675500	3.807587	1.000000
1.266435	7.776793	0.062363	1.000000
3.892767	8.839986	8.360476	1.000000
4.272463	7.623273	8.937404	1.000000
2.114937	6.749785	10.794481	1.000000
2.212435	0.191460	7.174180	1.000000
0.069564	1.873819	5.117211	1.000000
8.584932	5.307166	8.317976	1.000000
6.983584	8.944226	9.588457	1.000000
6.561394	5.593318	8.413234	1.000000
7.608328	9.865878	6.724162	1.000000
1.384278	8.696086	8.432743	1.000000
1.079368	3.196323	8.587817	1.000000
6.057919	9.993658	8.158962	1.000000
0.107832	10.660474	9.153072	1.000000
1.291638	0.660522	8.734384	1.000000
0.130783	7.896940	8.180729	1.000000
7.831333	0.162586	0.777840	1.000000
3.088432	5.969026	8.584904	1.000000
9.053502	5.474068	10.820608	1.000000
2.810841	6.718960	2.442564	1.000000
9.360596	0.483013	0.603370	1.000000
8.347561	9.981859	4.952930	1.000000
5.955031	9.866598	10.658780	1.000000
1.887860	8.912153	1.555367	1.000000
8.359881	9.900712	2.108278	1.000000
2.986520	9.341868	4.788490	1.000000
1.514345	7.777013	5.036419	1.000000
7.757987	8.254183	8.936326	1.000000
2.957683	5.151583	9.158613	1.000000
1.328178	5.928011	5.186260	1.000000
0.663319	8.767349	7.730010	1.000000
10.612900	5.411735	10.522286	1.000000
9.628009	9.581297	7.996481	1.000000
5.224694	8.548943	7.595904	1.000000
9.309436	1.082039	8.634395	1.000000
1.888700	0.777095	9.838466	1.000000
7.923925	10.525299	9.157814	1.000000
9.142530	8.986890	0.408481	1.000000
1.840173	3.962360	2.385837	1.000000
1.439579	0.432415	2.749415	1.000000
0.421283	4.899031	0.127255	1.000000
7.016676	2.101686	8.054603	1.000000
1.198745	10.496982	1.644608	1.000000
5.464361	1.282967	6.522855	1.000000
0.532134	0.850335	1.622714	1.000000
10.236946	8.124967	1.347448	1.000000
2.024853	9.856970	2.315660	1.000000
5.444451	9.330768	2.815091	1.000000
6.560410	5.952563	6.603290	1.000000
3.032332	0.944769	9.674303	1.000000
6.875539	1.831341	5.601011	1.000000
0.891532	0.673798	7.562729	1.000000
0.745013	2.966191	4.945834	1.000000
1.975200	10.857457	0.592100	1.000000
6.221267	4.065098	3.704708	1.000000
5.036659	6.234077	9.419066	1.000000
4.690694	6.132377	8.318278	1.000000
5.621476	10.892654	8.680224	1.000000
2.562236	8.736088	2.316597	1.000000
1.598068	8.461075	9.590041	1.000000
2.802664	0.043598	10.854182	1.000000
8.284909	6.736069	9.317562	1.000000
5.964051	0.191644	0.842008	1.000000
4.936963	0.312093	0.622342	1.000000
2.991068	5.207980	1.060392	1.000000
0.064955	2.660007	0.472210	1.000000
5.168969	8.346164	3.298174	1.000000
1.208164	0.558596	10.675285	1.000000
1.338881	2.604373	10.047852	1.000000
8.193073	4.221848	2.289104	1.000000
8.418094	7.855164	10.875000	1.000000
8.851107	0.027737	4.937913	1.000000
7.122024	5.171692	7.608601	1.000000
4.240840	4.403401	4.358245	1.000000
5.640560	6.641524	2.892811	1.000000
5.380971	8.508180	6.306349	1.000000
2.115191	3.672983	4.297872	1.000000
9.626008	2.436481	4.147107	1.000000
1.024603	3.749196	1.736558	1.000000
5.362635	10.388476	3.336542	1.000000
10.162865	9.469479	10.650556	1.000000
1.195087	4.736208	6.298477	1.000000
10.162204	8.639052	8.546608	1.000000
10.754992	2.833397	5.474599	1.000000
8.495550	4.013846	3.347538	1.000000
2.324578	3.285763	10.143035	1.000000
4.316759	2.256605	0.810794	1.000000
4.443524	10.796326	2.728922	1.000000
6.691824	0.956651	0.290069	1.000000
0.772447	5.446701	10.003097	1.000000
3.467791	7.950032	9.444510	1.000000
3.792559	5.118142	3.017668	1.000000
2.563129	3.005863	1.090559	1.000000
4.615124	3.309671	10.061369	1.000000
5.604177	5.817373	8.032713	1.000000
3.535024	1.199922	4.427216	1.000000
7.173124	2.335323	4.352828	1.000000
3.937430	6.795221	3.995400	1.000000
4.029441	3.207215	7.957951	1.000000
1.400075	3.884511	5.397539	1.000000
2.745711	4.735279	5.640862	1.000000
3.756753	1.350572	6.972882	1.000000
0.065377	7.836945	3.693236	1.000000
6.867913	3.873230	9.113514	1.000000
6.572933	2.925884	6.727005	1.000000
2.735322	10.851312	5.909831	1.000000
4.965938	2.018834	5.812489	1.000000
3.665403	0.154626	9.150660	1.000000
8.700208	1.891587	0.368770	1.000000
2.253715	3.511089	8.894552	1.000000
4.785649	5.100899	8.167118	1.000000
8.777145	7.565163	5.558675	1.000000
4.260168	4.173317	6.595783	1.000000
2.648293	6.180386	0.575091	1.000000
0.415101	5.512512	1.584150	1.000000
1.595299	3.263499	0.020204	1.000000
9.373580	6.038101	8.864844	1.000000
4.166562	4.925619	7.352939	1.000000
10.833397	8.622977	9.575935	1.000000
7.573515	4.424964	3.516202	1.000000
8.719617	6.486698	5.459962	1.000000
0.319155	10.416365	10.812094	1.000000
9.624634	6.032741	6.832177	1.000000
3.650015	7.840959	3.630715	1.000000
5.704570	7.358419	9.791504	1.000000
3.763655	1.284695	1.819315	1.000000
3.990466	10.474174	1.875093	1.000000
0.160217	3.954014	5.150804	1.000000
9.880415	9.721091	6.121908	1.000000
1.940770	7.158984	6.830642	1.000000
4.890424	6.693854	7.494311	1.000000
2.242360	6.341582	4.364640	1.000000
2.251262	6.081822	9.137999	1.000000
8.313729	7.437381	4.110916	1.000000
9.480682	1.621427	5.618484	1.000000
3.182293	3.808861	6.168677	1.000000
0.029353	0.473507	2.512884	1.000000
9.455531	7.038566	6.103003	1.000000
4.327926	5.606594	10.299197	1.000000
9.349647	0.387414	2.459934	1.000000
10.630836	10.423597	5.756688	1.000000
4.771795	7.545844	1.260243	1.000000
2.627698	8.431393	0.143083	1.000000
4.991017	4.600721	2.590239	1.000000
10.052113	7.906609	3.034032	1.000000
3.172536	4.514448	7.225760	1.000000
1.569080	8.682505	6.817271	1.000000
3.755522	4.553623	5.562174	1.000000
3.046462	7.286374	6.032541	1.000000
1.151633	8.984700	4.910583	1.000000
9.843406	7.536091	9.055774	1.000000
5.330012	7.226214	5.946679	1.000000
3.735320	2.259217	2.045478	1.000000
4.100975	9.571086	7.615711	1.000000
10.195997	10.602446	7.296238	1.000000
3.449561	9.137703	6.854268	1.000000
5.144220	2.713430	5.094706	1.000000
0.929910	7.229652	5.713064	1.000000
6.034088	8.371029	10.066955	1.000000
5.893231	4.143192	5.694177	1.000000
0.135542	1.541135	10.732830	1.000000
0.362222	7.872173	0.921569	1.000000
0.170621	6.835016	9.031305	1.000000
4.689530	6.083874	1.341649	1.000000
0.965130	9.944343	0.693927	1.000000
2.051095	1.365954	8.985741	1.000000
2.269716	10.356125	4.169496	1.000000
7.420742	3.341360	9.894066	1.000000
3.670161	7.475800	4.834326	1.000000
6.374355	8.616895	5.790625	1.000000
10.154092	1.048971	4.672006	1.000000
4.475326	7.681725	2.950707	1.000000
2.329657	9.159647	5.621912	1.000000
7.245086	6.686476	4.280889	1.000000
5.231673	6.098018	6.624587	1.000000
4.314726	8.681456	6.346156	1.000000
0.140754	6.753665	6.362381	1.000000
1.127022	1.012305	3.640860	1.000000
0.549143	2.438632	9.033784	1.000000
3.122333	7.681444	2.107789	1.000000
6.430964	9.898310	5.993033	1.000000
2.059565	6.798266	1.693369	1.000000
5.133080	8.080488	8.670854	1.000000
4.165674	8.314057	0.502796	1.000000
8.151719	2.359974	7.645841	1.000000
3.749939	10.585502	10.036444	1.000000
7.357643	9.680909	2.466601	1.000000
3.842925	0.509108	0.537941	1.000000
5.591316	3.762811	10.100977	1.000000
3.463721	9.134962	2.888658	1.000000
1.825059	4.996285	4.868171	1.000000
5.977493	6.871577	6.666034	1.000000
6.620309	1.441283	1.559473	1.000000
1.764093	10.560432	6.257882	1.000000
5.021602	9.785739	7.207377	1.000000
3.616799	4.270910	0.825097	1.000000
6.454171	0.881054	6.192580	1.000000
6.398598	10.159299	1.795499	1.000000
6.444376	2.874269	8.497145	1.000000
2.245524	9.827088	10.609793	1.000000
7.395296	3.364265	0.439741	1.000000
7.224371	9.931233	7.766409	1.000000
4.447338	6.661293	5.794308	1.000000
1.232935	6.938885	2.874811	1.000000
2.772691	0.539317	8.754634	1.000000
5.732877	0.622755	1.772177	1.000000
3.012597	10.230841	1.244908	1.000000
8.086773	7.305288	2.312898	1.000000
3.732922	3.028844	1.157020	1.000000
2.071208	5.837083	3.500795	1.000000
7.263887	4.823596	8.858316	1.000000
7.981888	9.468312	9.161268	1.000000
0.685586	1.596216	9.843921	1.000000
3.602652	0.081178	4.645234	1.000000
7.330432	9.592075	1.167117	1.000000
3.107667	5.080684	2.261669	1.000000
4.532629	3.701062	1.056519	1.000000
0.444585	2.074456	6.909147	1.000000
4.700204	0.315802	1.745284	1.000000
5.505837	5.540787	10.011129	1.000000
0.229120	4.831334	2.315330	1.000000
2.279016	10.880654	1.580630	1.000000
4.698748	6.664856	0.433795	1.000000
7.253736	5.306817	4.002148	1.000000
10.661208	1.793477	7.962533	1.000000
3.712945	5.130614	8.480639	1.000000
5.292410	3.850789	6.588562	1.000000
6.476974	6.033069	4.437730	1.000000
10.168580	8.392387	7.550637	1.000000
5.930800	4.279417	8.902512	1.000000
3.178978	2.751588	9.153515	1.000000
7.375527	10.722946	2.318553	1.000000
2.584433	2.042026	8.420243	1.000000
4.349542	5.327412	0.627492	1.000000
3.194932	4.452871	10.789508	1.000000
3.322632	0.299176	2.086089	1.000000
3.023525	9.884129	2.225086	1.000000
3.732800	10.357164	6.988536	1.000000
4.071856	4.153594	8.958065	1.000000
9.108180	2.541525	10.325384	1.000000
5.143042	5.880209	2.319456	1.000000
7.709649	5.937283	3.357335	1.000000
6.922702	0.199590	1.462872	1.000000
0.732427	5.711745	6.020303	1.000000
2.198521	4.137028	6.532181	1.000000
5.076929	3.357474	4.065661	1.000000
1.229044	5.602379	4.195389	1.000000
5.448561	3.272488	1.112011	1.000000
2.528130	1.949952	6.096951	1.000000
6.742940	0.420389	9.166385	1.000000
3.193172	2.483664	7.560877	1.000000
5.156450	0.693091	9.800074	1.000000
7.657957	3.147460	8.111433	1.000000
5.253041	0.938160	8.824694	1.000000
10.140417	1.630393	8.823468	1.000000
1.009134	1.935574	8.281109	1.000000
1.173146	3.684341	6.452197	1.000000
0.476958	2.522151	3.795158	1.000000
3.413503	9.109320	1.685222	1.000000
10.535589	9.827199	1.966765	1.000000
4.243143	3.435597	5.036260	1.000000
8.935552	1.706084	4.753217	1.000000
1.843932	6.714845	8.119415	1.000000
2.453088	4.861187	2.986715	1.000000
1.411306	9.029029	0.017599	1.000000
1.491811	2.242204	5.533393	1.000000
4.362858	2.368885	2.832393	1.000000
2.687260	7.801015	4.242651	1.000000
2.210297	6.076168	7.390850	1.000000
5.787112	3.038686	9.358319	1.000000
4.257770	7.480866	9.948400	1.000000
8.950100	9.261191	4.523402	1.000000
5.233032	3.354914	7.956917	1.000000
5.082210	0.939852	5.541124	1.000000
4.339404	5.234167	1.893036	1.000000
8.347088	7.410839	8.582025	1.000000
9.743728	5.525422	9.822863	1.000000
10.228694	1.331716	2.640595	1.000000
3.684068	6.469945	1.023509	1.000000
4.827257	9.231001	8.613938	1.000000
10.885335	6.763842	10.036338	1.000000
1.822972	7.242618	8.979010	1.000000
3.528504	2.039677	0.097398	1.000000
4.860341	8.144162	4.401256	1.000000
4.272321	8.504447	2.271038	1.000000
3.350567	5.507243	6.400966	1.000000
4.643309	9.599243	1.394164	1.000000
0.535202	8.966449	4.031270	1.000000
7.418373	10.426996	5.810018	1.000000
2.503801	8.261470	5.160811	1.000000
6.664350	1.746976	3.676701	1.000000
1.693791	10.283742	5.007623	1.000000
0.272926	6.500542	1.341093	1.000000
1.831891	6.838897	5.472643	1.000000
3.587387	2.745294	5.527558	1.000000
0.920360	10.214196	9.575465	1.000000
3.338327	0.504552	3.650207	1.000000
8.990829	3.699909	9.592087	1.000000
0.108964	5.845607	7.892620	1.000000
5.822318	9.653686	0.932259	1.000000
4.270773	10.422992	4.062720	1.000000
4.516221	5.420229	9.136256	1.000000
3.962895	4.148795	1.919677	1.000000
5.822072	9.103791	1.802036	1.000000
6.118944	9.563923	7.223612	1.000000
6.527044	5.981140	10.585226	1.000000
2.369811	3.719982	3.228563	1.000000
2.463857	8.242989	6.918720	1.000000
2.862021	0.614495	0.887771	1.000000
4.371456	9.443627	10.009235	1.000000
2.181530	1.331531	3.195571	1.000000
1.985717	1.047702	4.245505	1.000000
1.070644	4.121489	0.270779	1.000000
10.812961	8.679305	5.345558	1.000000
1.278618	2.785614	6.928763	1.000000
6.569719	9.851610	3.142942	1.000000
3.151452	6.519302	4.826358	1.000000
4.203900	10.453540	0.841434	1.000000
5.878870	8.160559	4.778165	1.000000
2.714740	10.787602	9.596884	1.000000
10.642325	4.459583	6.741936	1.000000
2.061115	1.483886	5.212167	1.000000
9.096541	8.730492	7.789575	1.000000
0.643812	0.440049	9.678033	1.000000
2.695618	10.108222	6.997843	1.000000
2.123222	5.704045	1.829936	1.000000
4.456443	0.239697	10.511717	1.000000
3.150388	9.777259	5.919611	1.000000
4.636996	9.187068	3.686045	1.000000
9.330975	1.499592	10.353874	1.000000
10.341727	4.673525	9.813883	1.000000
5.005751	1.228868	2.297182	1.000000
5.691267	0.445691	3.003082	1.000000
4.848171	9.488696	5.553000	1.000000
2.964510	1.931699	3.839321	1.000000
10.668236	10.415984	1.052171	1.000000
2.482562	0.051251	3.280165	1.000000
2.506910	9.153091	3.542330	1.000000
8.178399	1.939388	3.594693	1.000000
9.730116	5.035038	6.841333	1.000000
2.933290	8.623519	8.126829	1.000000
6.512903	7.874758	6.721987	1.000000
5.996113	7.629340	8.045852	1.000000
10.434691	1.735775	3.890891	1.000000
6.230246	6.859859	0.284223	1.000000
8.759543	0.389243	9.589082	1.000000
6.949205	10.566997	8.507896	1.000000
2.433377	4.958266	10.002987	1.000000
1.815443	0.376545	5.251950	1.000000
8.144738	0.222492	5.744804	1.000000
9.777740	10.160779	5.225067	1.000000
9.889277	3.389715	2.570869	1.000000
9.116455	0.355165	6.954992	1.000000
7.814222	1.294403	6.012618	1.000000
5.560246	4.716356	4.936037	1.000000
5.090314	6.761159	10.311734	1.000000
3.444837	5.663676	0.214402	1.000000
7.226740	2.550392	9.074822	1.000000
2.671377	2.460652	2.662217	1.000000
7.522690	1.415387	0.705920	1.000000
4.279571	9.654733	2.475103	1.000000
5.969205	2.443183	4.138688	1.000000
7.984886	3.183116	2.946009	1.000000
6.617761	8.942464	4.788683	1.000000
0.611530	4.724915	7.254167	1.000000
6.115030	5.457812	2.319113	1.000000
4.215209	1.128181	8.952103	1.000000
6.508626	1.567018	2.597797	1.000000
6.986600	2.000090	6.584985	1.000000
5.823362	10.476692	4.861917	1.000000
4.188153	1.708939	5.107489	1.000000
6.703798	4.681509	0.414477	1.000000
9.074189	3.561626	1.753412	1.000000
4.842429	3.434157	3.007927	1.000000
7.471332	0.208687	9.895090	1.000000
0.536633	4.509829	8.321540	1.000000
9.471772	0.471326	10.385291	1.000000
5.670118	0.129484	5.794046	1.000000
5.748786	2.423947	7.925466	1.000000
7.488115	1.024564	10.527059	1.000000
5.691950	3.960764	0.369783	1.000000
2.997997	8.329841	1.135288	1.000000
6.576680	2.697475	9.926327	1.000000
3.531873	3.056481	3.032997	1.000000
5.307104	4.784461	3.661311	1.000000
5.057813	2.326335	3.691417	1.000000
9.624428	4.255832	3.337147	1.000000
4.149668	0.703759	5.254447	1.000000
9.290173	3.266496	3.455869	1.000000
6.720026	5.426592	5.401445	1.000000
5.949736	2.951232	3.153465	1.000000
5.611240	6.079322	5.404517	1.000000
1.590099	2.226117	3.012629	1.000000
1.122688	7.029234	10.130379	1.000000
3.000362	3.425106	2.050587	1.000000
4.832106	10.841465	5.211648	1.000000
2.882406	7.136749	7.371719	1.000000
10.226507	6.082948	5.945680	1.000000
3.249526	1.241214	7.965022	1.000000
5.256247	9.880533	9.250819	1.000000
9.433135	7.812099	0.418323	1.000000
2.140635	4.950809	0.182619	1.000000
7.244533	7.605508	1.344489	1.000000
6.123914	5.217150	1.173758	1.000000
0.856933	9.890906	4.350901	1.000000
6.934079	2.784507	2.846764	1.000000
7.059455	3.358502	3.841051	1.000000
5.693593	2.507451	0.392497	1.000000
6.030267	7.033742	4.232213	1.000000
2.482999	3.088457	5.701078	1.000000
8.386435	2.168642	5.714690	1.000000
7.259234	6.936605	8.911333	1.000000
7.567416	7.210736	5.122260	1.000000
0.914547	7.206639	8.355138	1.000000
8.166003	8.421323	4.633082	1.000000
8.189124	2.533019	6.626302	1.000000
7.149271	6.352769	5.433582	1.000000
0.126204	7.648071	10.733009	1.000000
4.244499	5.810863	4.335815	1.000000
9.315159	7.975554	6.786589	1.000000
6.927386	0.717585	8.005801	1.000000
3.588543	5.643552	5.334388	1.000000
6.074276	6.378466	8.993091	1.000000
4.718723	2.945397	6.176855	1.000000
6.246860	6.611131	2.072892	1.000000
5.320626	8.747810	0.493752	1.000000
0.321913	4.572254	9.314942	1.000000
5.888143	7.876420	1.276094	1.000000
9.147911	9.378454	1.348057	1.000000
5.273301	5.096262	7.205656	1.000000
10.122509	6.842165	3.047835	1.000000
6.461873	3.707826	4.825601	1.000000
9.355202	6.688136	7.542591	1.000000
5.330117	7.627751	0.123607	1.000000
5.550932	5.108455	6.044151	1.000000
4.820730	8.602900	1.393824	1.000000
9.096630	8.192839	1.736280	1.000000
7.031835	8.780981	6.622194	1.000000
0.307559	3.364157	7.907312	1.000000
8.831320	3.226017	7.324993	1.000000
5.577955	5.425371	8.953854	1.000000
8.240051	9.692600	5.946553	1.000000
9.879206	10.532755	0.347694	1.000000
10.293174	9.233715	4.651106	1.000000
6.238665	8.522609	2.603696	1.000000
6.993874	5.987695	2.649046	1.000000
5.279573	4.920341	0.098509	1.000000
8.739543	8.581255	9.957956	1.000000
8.226774	5.992252	1.370529	1.000000
2.121472	9.561666	0.681537	1.000000
3.339233	10.220423	3.319850	1.000000
5.090490	4.679638	9.642252	1.000000
7.845217	6.630594	10.776482	1.000000
7.724753	8.391907	2.721802	1.000000
2.845634	7.202962	1.199030	1.000000
1.330278	2.236942	0.121030	1.000000
2.770380	4.458350	4.016600	1.000000
4.926833	9.699803	0.425802	1.000000
3.107121	5.977053	3.193327	1.000000
5.142497	9.533782	4.520825	1.000000
5.435183	5.842023	4.102125	1.000000
1.058607	0.453483	6.267970	1.000000
5.033469	0.068996	6.832736	1.000000
9.252892	9.542847	3.568832	1.000000
7.979599	4.568415	0.060848	1.000000
6.572500	10.775605	10.892608	1.000000
7.890647	6.615806	7.861999	1.000000
8.277770	6.489398	4.537545	1.000000
0.744085	8.570693	5.967186	1.000000
6.315944	8.586452	7.507266	1.000000
9.690732	8.555977	9.635338	1.000000
3.252703	3.280304	10.713195	1.000000
9.409269	5.868132	4.751876	1.000000
6.151909	1.519917	7.391800	1.000000
8.228427	0.530693	8.742215	1.000000
3.558252	6.548101	10.454239	1.000000
4.194461	0.347726	7.715127	1.000000
0.035914	9.360079	2.800343	1.000000
9.975086	3.463280	10.039842	1.000000
8.600047	8.752390	5.844221	1.000000
8.471667	10.191166	1.103341	1.000000
2.059954	7.597902	0.652356	1.000000
4.849021	2.636587	1.914556	1.000000
5.209410	6.909645	4.876994	1.000000
9.044668	10.448514	2.926107	1.000000
3.217129	7.502195	8.242947	1.000000
8.436433	2.804989	4.118029	1.000000
10.342111	8.226000	4.438200	1.000000
7.731922	1.380919	7.055934	1.000000
6.608328	6.763696	8.145673	1.000000
0.916232	10.543112	8.163548	1.000000
9.362450	2.777899	5.750670	1.000000
9.281358	10.609892	7.721537	1.000000
3.828079	0.162332	6.130440	1.000000
7.932086	5.379047	2.274439	1.000000
7.938612	4.033156	8.709096	1.000000
6.696849	7.157682	10.050543	1.000000
7.675765	8.996240	5.387985	1.000000
2.619128	5.162594	7.849899	1.000000
6.263519	3.262731	2.120987	1.000000
5.620974	4.281246	1.468318	1.000000
4.863800	4.350023	5.565204	1.000000
10.537306	0.732219	3.570559	1.000000
9.648727	2.465109	2.132485	1.000000
6.317146	7.897440	3.791251	1.000000
1.859622	1.028185	7.745419	1.000000
0.528985	7.450032	2.131860	1.000000
8.467268	3.321926	10.610662	1.000000
3.924292	0.834047	2.803355	1.000000
10.641446	5.130686	5.961931	1.000000
8.612050	9.898339	0.125681	1.000000
5.940026	0.184647	3.962616	1.000000
5.418192	2.225015	2.706503	1.000000
7.162640	10.021998	9.647136	1.000000
0.137115	8.478608	2.027263	1.000000
6.944237	10.836392	6.650248	1.000000
10.140885	3.997111	7.712676	1.000000
10.094114	10.533781	8.617143	1.000000
8.112368	4.138933	9.870100	1.000000
6.205090	10.459164	9.583253	1.000000
8.284959	0.049231	1.808593	1.000000
5.695058	6.313914	1.167140	1.000000
6.981131	7.758732	8.352242	1.000000
10.083617	5.336470	2.694539	1.000000
4.098257	7.462511	6.345489	1.000000
1.474390	5.197742	2.414659	1.000000
8.340913	7.660724	1.266306	1.000000
6.751939	6.860978	3.406941	1.000000
8.352751	9.603713	3.104428	1.000000
5.247798	1.925605	9.324991	1.000000
8.265334	5.215071	4.957457	1.000000
5.752869	3.065764	5.911678	1.000000
9.941786	0.642142	7.689453	1.000000
10.009373	0.300895	5.562130	1.000000
5.296211	10.096271	6.276984	1.000000
4.768215	2.639034	7.190813	1.000000
5.690647	2.325684	6.590982	1.000000
3.263471	1.434727	5.645742	1.000000
10.312307	6.019555	0.695365	1.000000
3.716199	8.351634	7.421355	1.000000
3.699587	6.073682	7.741543	1.000000
7.272644	9.596385	10.767120	1.000000
8.564326	3.431325	5.611598	1.000000
10.341366	2.848209	8.195787	1.000000
2.892203	7.074085	9.216923	1.000000
0.686118	8.957822	0.922192	1.000000
9.216977	1.915323	9.436575	1.000000
0.337502	6.070214	5.045863	1.000000
7.347027	4.600881	1.333930	1.000000
8.302095	0.289694	2.964357	1.000000
10.136499	2.514835	3.089760	1.000000
3.278733	9.147349	0.512818	1.000000
0.585896	7.815102	9.380013	1.000000
3.556026	5.943348	1.981285	1.000000
6.904035	7.939932	4.710493	1.000000
1.402092	8.134957	3.440215	1.000000
4.698095	4.090474	7.511286	1.000000
9.381622	4.635151	1.128115	1.000000
8.262263	8.131468	7.026422	1.000000
9.476089	2.469143	7.211521	1.000000
8.944777	1.441729	6.990213	1.000000
8.578407	4.696604	6.913141	1.000000
4.887941	1.620207	7.329497	1.000000
6.220837	4.070434	7.140434	1.000000
5.576668	4.363567	7.919298	1.000000
0.355183	6.559705	0.184994	1.000000
4.050116	2.279219	10.134448	1.000000
8.816011	5.901456	9.901293	1.000000
2.099986	5.898593	10.159352	1.000000
7.244794	7.998545	9.835335	1.000000
8.020067	3.725128	1.140241	1.000000
7.807622	3.887582	6.762421	1.000000
8.368680	6.324567	2.567729	1.000000
2.076087	2.274651	1.854161	1.000000
7.470656	8.549772	10.674332	1.000000
6.620551	8.998808	0.342931	1.000000
2.075053	8.881459	4.407852	1.000000
1.369835	4.748019	1.365503	1.000000
0.220679	9.351035	6.706460	1.000000
10.377474	8.416263	0.017883	1.000000
1.622870	5.447856	7.932913	1.000000
10.437347	4.060901	4.209340	1.000000
2.921654	9.802290	9.736634	1.000000
6.413414	8.010143	0.396145	1.000000
6.916625	0.047997	5.071265	1.000000
5.850366	8.882642	4.011804	1.000000
3.352566	5.506572	10.013278	1.000000
7.126631	4.051685	5.920111	1.000000
7.979140	4.480280	7.756918	1.000000
6.795561	4.036300	10.535500	1.000000
6.715774	8.765078	1.407886	1.000000
4.601438	8.238796	5.473293	1.000000
3.519977	9.006536	10.351125	1.000000
9.403679	8.463200	3.610547	1.000000
8.683841	6.060478	3.726128	1.000000
4.795390	0.705516	4.297347	1.000000
4.580725	2.708967	8.897095	1.000000
1.650691	10.354674	3.098418	1.000000
10.454927	0.596966	10.810689	1.000000
5.557787	1.292687	3.588537	1.000000
9.429474	7.350495	3.774857	1.000000
7.339047	8.282546	7.504138	1.000000
2.866357	0.667431	5.015384	1.000000
4.548486	1.275884	0.980462	1.000000
6.341860	7.597961	5.488786	1.000000
9.586380	9.144617	6.900241	1.000000
10.842239	5.458524	3.793567	1.000000
6.137692	5.534007	3.319413	1.000000
8.764695	4.948660	3.049388	1.000000
9.287124	4.564711	8.077768	1.000000
8.214560	1.632981	8.675887	1.000000
2.464052	6.467053	6.295796	1.000000
0.899741	0.139208	0.791309	1.000000
7.817296	0.459777	4.810755	1.000000
7.634287	5.578902	0.018708	1.000000
4.463203	7.572312	7.826678	1.000000
9.645808	10.228855	9.595642	1.000000
0.812515	9.591470	2.106389	1.000000
5.083806	1.477978	10.768648	1.000000
8.514836	1.148033	2.158864	1.000000
1.318895	5.762645	1.119759	1.000000
8.788745	8.919543	2.495682	1.000000
3.159873	1.100763	10.794990	1.000000
1.883857	8.040591	7.733442	1.000000
0.442053	8.948883	10.642642	1.000000
9.604188	6.457501	10.220388	1.000000
0.120256	1.958684	1.207735	1.000000
8.524581	10.154731	3.958531	1.000000
6.670256	9.955187	4.607135	1.000000
0.532002	0.965042	4.693819	1.000000
0.719923	9.321245	8.939091	1.000000
9.162364	9.425997	9.168371	1.000000
7.227341	3.839081	2.632048	1.000000
3.412988	9.826108	8.676797	1.000000
3.741320	9.951085	5.112076	1.000000
3.054408	4.163192	8.214957	1.000000
5.249109	8.988212	10.416812	1.000000
8.638021	5.879897	6.961934	1.000000
10.840932	9.577133	8.239999	1.000000
7.851107	9.044414	8.228339	1.000000
0.982671	6.826062	7.060249	1.000000
7.705802	5.757341	8.701159	1.000000
8.487308	0.978650	0.830829	1.000000
9.395083	1.468023	1.447199	1.000000
8.907428	5.017158	1.969454	1.000000
7.046922	0.025022	3.653428	1.000000
8.303917	1.574193	10.224390	1.000000
4.470604	5.315545	6.279020	1.000000
6.523062	3.477214	0.936506	1.000000
7.197356	4.881794	10.048580	1.000000
10.364629	4.939980	1.352453	1.000000
2.662426	1.217004	6.792576	1.000000
7.402073	1.058001	3.713929	1.000000
8.611192	0.685720	7.803922	1.000000
4.283576	3.784768	0.039492	1.000000
9.033553	10.638552	5.974539	1.000000
8.133873	4.614483	5.962571	1.000000
6.627133	2.470660	1.034685	1.000000
1.273886	5.849150	6.867849	1.000000
0.388843	1.814873	2.932905	1.000000
0.599091	10.757571	7.022673	1.000000
10.711938	5.196880	8.713650	1.000000
0.220978	2.782017	2.588034	1.000000
8.587569	0.593653	3.902419	1.000000
1.413516	5.228572	8.993596	1.000000
8.477975	5.124875	0.861879	1.000000
1.175384	9.956478	10.536949	1.000000
4.001149	3.216304	6.899774	1.000000
10.709721	3.913556	2.233774	1.000000
7.804464	6.963374	3.317659	1.000000
0.006059	0.375349	8.124335	1.000000
1.357022	9.452270	3.517990	1.000000
7.710322	0.045424	7.711067	1.000000
3.705297	4.016354	3.555556	1.000000
10.793042	6.255039	2.312921	1.000000
5.885511	0.682814	10.575369	1.000000
6.769555	3.681314	7.935385	1.000000
3.782456	2.432177	4.547632	1.000000
10.298021	7.394274	6.598730	1.000000
10.754612	3.485522	3.326685	1.000000
2.984709	3.937531	9.592094	1.000000
1.777958	10.659510	9.974832	1.000000
0.603570	4.468447	4.240596	1.000000
10.706773	2.922235	1.479291	1.000000
10.760093	4.569234	3.284657	1.000000
7.339642	4.622907	5.084900	1.000000
3.630180	10.142681	0.058805	1.000000
4.187189	6.879397	1.930220	1.000000
0.662576	3.463841	9.484415	1.000000
8.089573	8.595635	1.786076	1.000000
9.496769	1.236855	3.842199	1.000000
1.263386	6.281966	2.055374	1.000000
10.200793	3.839469	1.117657	1.000000
10.278861	7.105767	8.173258	1.000000
2.444214	7.858987	9.704132	1.000000
7.033725	4.936906	2.256287	1.000000
5.580574	7.728739	2.517273	1.000000
2.382298	5.702257	5.421294	1.000000
9.025432	7.066235	1.754017	1.000000
3.903057	4.619776	10.058684	1.000000
5.389273	8.767014	9.382761	1.000000
7.476797	2.988716	1.685738	1.000000
7.596107	6.068988	9.663854	1.000000
3.520267	8.364125	5.694000	1.000000
2.178616	5.347001	6.337897	1.000000
8.468054	0.609305	10.776611	1.000000
1.203670	1.418005	0.884793	1.000000
8.813975	6.834186	0.688766	1.000000
8.946794	10.459925	8.781285	1.000000
2.270216	2.742735	3.700125	1.000000
4.432389	10.390102	8.994976	1.000000
1.362579	3.734527	7.443944	1.000000
10.570327	7.119433	0.704513	1.000000
7.261891	0.876925	2.622962	1.000000
6.777662	7.611754	2.523399	1.000000
0.881080	6.153083	8.763456	1.000000
2.193031	4.099395	0.806473	1.000000
7.281514	6.602369	6.902878	1.000000
1.208178	1.847663	4.536122	1.000000
7.533294	1.906079	2.661454	1.000000
7.841515	2.375286	0.832992	1.000000
1.082332	9.862859	6.742915	1.000000
9.702356	10.794791	4.078293	1.000000
10.526117	10.183708	4.120679	1.000000
5.900757	10.546817	7.198826	1.000000
2.468908	3.034009	8.012758	1.000000
9.712031	6.288714	1.676899	1.000000
9.431689	4.609474	5.694363	1.000000
8.231862	6.997650	6.534786	1.000000
10.818367	3.435465	6.850650	1.000000
1.801390	7.684837	2.524564	1.000000
5.879944	9.392604	5.299778	1.000000
1.761759	9.671584	9.447762	1.000000
5.204632	7.011994	8.435635	1.000000
8.118772	0.127679	6.794605	1.000000
4.366547	8.513269	9.532768	1.000000
10.658150	1.708353	6.240300	1.000000
7.713698	9.430232	3.896939	1.000000
9.242111	3.704693	0.743841	1.000000
9.583314	10.657126	1.655278	1.000000
6.182729	1.286680	8.486070	1.000000
0.046977	2.538401	10.171289	1.000000
9.137235	9.490088	10.204685	1.000000
10.832883	7.162820	4.773542	1.000000
10.268154	9.169902	3.599805	1.000000
8.013337	5.865213	5.888115	1.000000
2.432108	6.861685	3.415681	1.000000
0.205420	0.650862	5.599771	1.000000
0.270658	9.652653	5.280567	1.000000
8.202030	8.630873	0.752214	1.000000
5.279912	6.886002	1.952626	1.000000
9.196909	10.090706	6.843465	1.000000
8.773414	7.559894	9.879180	1.000000
0.309776	3.979498	0.987624	1.000000
5.012071	10.533051	7.962128	1.000000
9.907690	8.595729	5.821495	1.000000
2.229088	4.658775	8.671852	1.000000
5.558480	5.960406	0.214912	1.000000
7.576699	3.206076	4.738634	1.000000
6.182992	4.915781	10.452616	1.000000
6.715225	1.774735	9.564958	1.000000
