864
0.000000 10.893015
0.000000 10.893015
0.000000 10.893015
2.261095	9.221381	7.062279	1.000000
1.219914	1.345541	9.783089	1.000000
3.997207	10.336819	4.237365	1.000000
3.666735	2.571468	9.581801	1.000000
4.230076	8.682468	1.064382	1.000000
2.607606	5.546390	1.496792	1.000000
3.197430	2.580829	1.135893	1.000000
7.675675	10.503979	1.799888	1.000000
6.003670	0.863312	3.485280	1.000000
1.063857	4.924197	6.002951	1.000000
4.766805	9.531182	9.557816	1.000000
7.608229	0.348671	9.904921	1.000000
8.166766	5.194299	6.428860	1.000000
2.920105	2.684775	8.760730	1.000000
10.150250	2.120090	7.344499	1.000000
9.280285	7.659462	9.842492	1.000000
10.403443	0.862621	5.927503	1.000000
0.360721	3.219514	6.893925	1.000000
1.237879	0.783790	5.648220	1.000000
0.616170	8.203486	1.682670	1.000000
9.008414	0.391749	0.491929	1.000000
5.226556	7.740521	7.824883	1.000000
9.170410	3.620989	9.696605	1.000000
6.176344	5.072710	5.175037	1.000000
6.411675	2.701503	3.180704	1.000000
7.149750	5.634662	3.475816	1.000000
8.199408	0.673203	8.642244	1.000000
9.326210	3.438323	8.520852	1.000000
8.227238	4.271908	8.899645	1.000000
0.428397	0.565734	4.653762	1.000000
10.721111	6.697762	5.935300	1.000000
10.186113	6.459876	2.255391	1.000000
9.995790	10.016654	7.539350	1.000000
3.481313	6.148035	0.197373	1.000000
10.692780	3.413971	4.346352	1.000000
5.587944	1.430803	0.436035	1.000000
7.781471	4.565768	3.374526	1.000000
2.942283	0.296211	10.851847	1.000000
1.954078	2.953630	9.078843	1.000000
8.475808	9.175105	9.684742	1.000000
1.843701	2.866989	4.339668	1.000000
10.241400	8.911049	7.283229	1.000000
10.213615	9.230028	10.149062	1.000000
10.654042	2.646814	0.973320	1.000000
5.832055	4.102307	9.863097	1.000000
6.519469	0.649707	0.610546	1.000000
7.926561	2.542804	0.621058	1.000000
0.073690	4.154420	0.770079	1.000000
0.335993	3.950986	5.998227	1.000000
1.784918	4.852752	0.255110	1.000000
10.733721	10.882242	1.752764	1.000000
7.236438	1.513363	9.987073	1.000000
0.805569	4.945789	3.477974	1.000000
9.969000	3.896710	3.736852	1.000000
2.980283	10.615927	3.231609	1.000000
7.140229	4.243134	8.482081	1.000000
9.586120	6.004625	5.414360	1.000000
8.508415	5.014120	0.799083	1.000000
0.282379	2.828559	10.842910	1.000000
10.025146	9.404024	2.216887	1.000000
2.883857	9.450036	10.473831	1.000000
2.332364	6.350691	4.975360	1.000000
8.497562	3.033286	3.849631	1.000000
2.030009	2.487219	7.733100	1.000000
1.193930	1.882706	10.661866	1.000000
6.762864	0.375803	7.533511	1.000000
10.617186	3.224650	7.759537	1.000000
7.060206	3.311429	5.079728	1.000000
0.105722	10.736344	10.106493	1.000000
8.958544	2.061827	10.746193	1.000000
1.231427	6.850146	10.715953	1.000000
0.287723	9.773735	7.008158	1.000000
10.619763	5.805359	4.293426	1.000000
5.314163	7.162648	9.842595	1.000000
6.585486	8.701027	8.148444	1.000000
1.433231	2.929914	0.219014	1.000000
7.758682	6.439575	3.529516	1.000000
5.215956	7.442946	4.550723	1.000000
9.312915	6.936589	8.167536	1.000000
0.284969	7.764690	3.885785	1.000000
9.841211	9.185920	3.258593	1.000000
3.714477	2.551090	1.994390	1.000000
4.657947	5.635758	3.961183	1.000000
1.911347	7.587790	0.173759	1.000000
9.882366	5.713654	8.349186	1.000000
8.992646	4.363477	3.338233	1.000000
9.941363	8.494533	4.557354	1.000000
1.208702	3.946099	6.731491	1.000000
1.348797	9.958485	7.274627	1.000000
8.644551	10.445211	6.967029	1.000000
1.926739	8.249954	9.896440	1.000000
1.591759	10.714601	4.373803	1.000000
0.408585	3.965873	7.594352	1.000000
8.953769	10.888130	4.043333	1.000000
10.818971	9.595014	2.990644	1.000000
4.058258	5.192891	9.455861	1.000000
8.261540	6.264385	10.503341	1.000000
1.556282	8.771910	8.327396	1.000000
2.404858	9.085540	0.641686	1.000000
9.804989	4.859914	5.134482	1.000000
6.074102	5.933057	1.449356	1.000000
8.861392	6.586950	3.747785	1.000000
1.821185	4.411106	3.370428	1.000000
10.519607	7.379997	9.937929	1.000000
4.207139	8.013222	9.878782	1.000000
3.521664	6.878795	7.845020	1.000000
1.450136	6.828450	1.097304	1.000000
2.299593	10.095295	7.815790	1.000000
2.791928	2.483568	3.979927	1.000000
8.210706	5.562207	9.411468	1.000000
6.408363	6.945097	8.560460	1.000000
7.994019	3.183690	8.644461	1.000000
9.535005	0.868861	6.547279	1.000000
0.710837	7.278968	7.922714	1.000000
1.241235	2.246955	9.231375	1.000000
5.625472	9.584338	7.572122	1.000000
10.467833	0.858716	0.862575	1.000000
2.543836	10.132645	9.246429	1.000000
10.453179	7.601210	7.300894	1.000000
7.048459	10.619748	0.564908	1.000000
3.678420	5.250121	7.451989	1.000000
9.771031	3.641429	0.155923	1.000000
2.034993	7.496521	2.191118	1.000000
0.825527	10.624772	0.468782	1.000000
8.559856	0.424436	5.312529	1.000000
7.905744	0.478912	1.266964	1.000000
1.153503	8.702364	9.447654	1.000000
7.380165	9.412023	2.628855	1.000000
1.250576	8.607798	3.799266	1.000000
2.887196	8.203732	3.421636	1.000000
7.122312	8.905907	9.209893	1.000000
1.169533	3.562166	9.515248	1.000000
0.250732	4.312458	4.027004	1.000000
0.634674	10.504607	6.297314	1.000000
1.531721	5.878174	1.477025	1.000000
0.098127	9.911075	8.161000	1.000000
8.262474	7.513507	8.242804	1.000000
8.376350	1.283434	0.340761	1.000000
0.632640	10.863425	8.054791	1.000000
8.553402	9.822051	8.756001	1.000000
7.183843	9.357955	10.475920	1.000000
3.363871	3.679992	1.743379	1.000000
0.143800	10.764276	3.885282	1.000000
0.719626	5.077427	1.539139	1.000000
6.015603	0.989409	6.366388	1.000000
10.759060	1.660304	1.684507	1.000000
6.822057	0.762257	4.303624	1.000000
10.164277	1.642822	2.594691	1.000000
9.083660	7.654866	2.090391	1.000000
2.522151	9.108832	2.854016	1.000000
4.283166	10.353352	10.612974	1.000000
7.127466	5.438768	5.268956	1.000000
2.656181	0.487797	8.558595	1.000000
6.734185	0.027260	5.737387	1.000000
10.734082	2.069984	6.360139	1.000000
1.351981	3.974926	2.141207	1.000000
1.400331	10.201320	1.191950	1.000000
4.671075	3.160140	2.214011	1.000000
6.286039	6.367729	9.679581	1.000000
4.489702	5.944496	7.281462	1.000000
5.910281	9.892545	9.578864	1.000000
1.382877	8.424102	2.699901	1.000000
0.191171	8.264676	9.971880	1.000000
2.105721	0.661953	9.866563	1.000000
6.661387	7.922330	8.908885	1.000000
3.401804	8.886538	0.256940	1.000000
6.217402	1.156916	10.505778	1.000000
4.236683	6.771786	9.958766	1.000000
9.785046	4.554022	1.079881	1.000000
5.997955	7.874155	3.955273	1.000000
1.680813	9.799162	8.585704	1.000000
0.112895	0.936975	9.965704	1.000000
9.374735	3.236344	3.242553	1.000000
7.308902	6.466457	8.569826	1.000000
0.300178	8.604413	2.863448	1.000000
7.506085	6.083211	7.439487	1.000000
4.794625	3.572969	4.463370	1.000000
3.388507	8.056018	1.172820	1.000000
6.630827	9.151294	7.054404	1.000000
3.937680	3.309876	3.917445	1.000000
0.264067	1.505256	5.372038	1.000000
0.149612	1.794798	0.016637	1.000000
4.847873	1.539602	1.320618	1.000000
0.046887	10.199702	1.006467	1.000000
0.920815	1.600472	6.414110	1.000000
10.441811	8.056996	8.828712	1.000000
8.799418	2.072108	4.305705	1.000000
10.729404	2.603686	2.144346	1.000000
2.242237	2.030010	0.602995	1.000000
4.923873	1.733658	10.540246	1.000000
3.370532	1.019017	5.797008	1.000000
6.831432	1.449394	1.458238	1.000000
1.322720	5.263453	10.336398	1.000000
4.703715	5.596109	8.730726	1.000000
1.815318	3.172199	3.300821	1.000000
4.118059	4.542124	0.937251	1.000000
3.263729	3.555591	9.906677	1.000000
5.327722	6.095180	6.249453	1.000000
4.349430	1.986989	4.829922	1.000000
5.859156	2.971395	1.989319	1.000000
3.079022	7.249772	5.337877	1.000000
4.785368	2.527617	7.714326	1.000000
10.870491	5.451696	5.269688	1.000000
2.905978	4.136643	3.996579	1.000000
2.669455	10.860204	7.284347	1.000000
0.981874	7.642879	4.659845	1.000000
9.273671	3.632473	7.074356	1.000000
8.253258	5.031340	5.318851	1.000000
2.534852	0.715575	6.501895	1.000000
4.871613	10.622871	6.198954	1.000000
3.250612	1.978021	10.840558	1.000000
7.183323	3.099637	0.108006	1.000000
2.223604	4.156463	8.384505	1.000000
5.047366	3.021831	8.695907	1.000000
7.587010	8.086545	6.521077	1.000000
5.090731	4.189985	5.951884	1.000000
2.788602	7.451966	9.086631	1.000000
1.846281	6.496391	3.414256	1.000000
0.464807	3.407686	1.334958	1.000000
9.934163	6.396609	9.273283	1.000000
5.301074	5.151254	7.215873	1.000000
9.348848	9.959187	9.417226	1.000000
6.576769	4.851195	4.273893	1.000000
8.880965	7.420896	6.020992	1.000000
10.778459	1.788301	8.115441	1.000000
0.580784	5.396713	7.642239	1.000000
5.335256	8.697404	3.644229	1.000000
3.857513	8.952528	9.978479	1.000000
3.673286	1.956841	2.957237	1.000000
2.418521	1.408298	1.376037	1.000000
0.633028	2.839029	4.932644	1.000000
9.724374	1.766131	6.113048	1.000000
10.638812	6.767297	7.947311	1.000000
6.182160	6.373854	7.490828	1.000000
3.601087	6.576025	2.736047	1.000000
3.017053	5.887051	9.499612	1.000000
9.123608	7.090040	4.671704	1.000000
7.617891	3.710262	7.368162	1.000000
3.742031	3.994024	6.410941	1.000000
1.124499	1.834511	1.643277	1.000000
9.643706	7.019158	7.171007	1.000000
5.076522	6.627154	7.878836	1.000000
0.999166	9.500715	4.624854	1.000000
10.177306	0.603669	4.657207	1.000000
6.443972	8.226858	9.912332	1.000000
3.145946	9.116164	1.573162	1.000000
4.236724	6.963052	4.362918	1.000000
8.838102	10.588028	2.577188	1.000000
2.665143	3.324114	7.911349	1.000000
3.719823	8.544072	8.861331	1.000000
3.311909	2.545853	7.577596	1.000000
2.969114	5.982543	7.548258	1.000000
10.681442	10.671445	5.433134	1.000000
10.827477	5.437540	0.972097	1.000000
4.298513	4.470803	7.185803	1.000000
3.651588	3.022455	2.942129	1.000000
3.751277	10.849154	8.384311	1.000000
0.523950	8.789071	6.458247	1.000000
4.704412	9.973795	7.067030	1.000000
3.087898	3.461979	7.005565	1.000000
0.410088	6.859118	6.941901	1.000000
5.786517	9.236404	8.546561	1.000000
7.706811	5.954864	5.961123	1.000000
9.927649	1.689995	10.539727	1.000000
10.700719	8.131136	0.858140	1.000000
0.593849	5.644704	6.617286	1.000000
6.848429	5.390232	2.326840	1.000000
3.872415	1.276626	1.477235	1.000000
1.187761	3.124293	8.224242	1.000000
2.530722	1.326056	2.677468	1.000000
6.899273	10.771872	8.866654	1.000000
4.042318	7.726293	5.216027	1.000000
6.974899	9.076736	6.003379	1.000000
8.454489	2.216801	6.371024	1.000000
6.611408	9.014505	4.941558	1.000000
2.345645	9.055476	4.945757	1.000000
8.115398	7.776842	5.027240	1.000000
4.448608	5.530886	5.862020	1.000000
3.015242	8.114757	4.480374	1.000000
10.015642	7.962345	5.578057	1.000000
0.889654	3.999285	3.102244	1.000000
10.732678	4.730575	8.013435	1.000000
3.413832	10.119056	2.330384	1.000000
5.486767	8.356681	5.219015	1.000000
2.820338	7.899417	10.397775	1.000000
4.956389	7.310586	8.904631	1.000000
5.088994	7.441070	10.818661	1.000000
7.836137	2.582410	5.644308	1.000000
4.174994	1.127644	9.963810	1.000000
6.391223	8.853874	2.671148	1.000000
5.223895	0.390518	0.528077	1.000000
7.704003	1.799938	8.957087	1.000000
2.227813	9.759512	2.093130	1.000000
1.908154	7.024995	4.356452	1.000000
7.528807	6.501033	4.616625	1.000000
7.268810	0.878408	2.881759	1.000000
1.847305	10.737587	6.637744	1.000000
4.790436	8.901542	7.499543	1.000000
4.812067	2.156052	9.258002	1.000000
7.515909	0.624079	5.177470	1.000000
5.148596	9.129732	1.006851	1.000000
6.860968	2.389368	8.915855	1.000000
2.803682	8.481505	9.389253	1.000000
7.485064	2.515984	9.999438	1.000000
7.813629	8.778306	7.415992	1.000000
3.495597	5.242268	6.298280	1.000000
1.204736	6.523595	2.549305	1.000000
2.919583	1.244578	7.800529	1.000000
7.753159	10.883493	2.807931	1.000000
3.358375	0.338701	0.889316	1.000000
7.349014	7.413496	2.171911	1.000000
4.026103	3.361275	1.027064	1.000000
0.574137	6.737061	4.495190	1.000000
6.766837	5.551385	10.210528	1.000000
7.238785	8.365513	10.874240	1.000000
1.601920	2.659653	10.124361	1.000000
7.192765	8.223006	4.739500	1.000000
6.544754	10.771478	2.024735	1.000000
3.892332	6.938580	1.765285	1.000000
3.833199	4.753682	2.006868	1.000000
0.685113	10.470558	4.830149	1.000000
4.679603	10.347092	0.680502	1.000000
3.924737	4.936695	10.679091	1.000000
10.770600	3.795489	3.074578	1.000000
1.554117	9.034566	1.745512	1.000000
4.236611	6.230136	0.924302	1.000000
8.452592	3.089334	4.942357	1.000000
9.006048	2.671330	7.392633	1.000000
3.094815	4.575738	9.652576	1.000000
5.869669	2.652290	8.204024	1.000000
6.572149	3.780934	3.226105	1.000000
0.809123	8.904048	7.537204	1.000000
4.378130	3.971481	9.839301	1.000000
3.351948	3.816051	8.891230	1.000000
7.885735	8.304036	2.168446	1.000000
2.254143	3.936845	10.464930	1.000000
3.653376	5.625987	8.406593	1.000000
2.657358	4.236699	1.244545	1.000000
2.710757	2.458547	2.895041	1.000000
2.328668	8.238197	1.479438	1.000000
3.485227	10.508711	5.694006	1.000000
5.246314	1.713485	7.282047	1.000000
7.932664	2.616275	7.796151	1.000000
5.614080	6.912199	1.882923	1.000000
7.430634	4.920120	1.577124	1.000000
5.094633	9.610600	3.031033	1.000000
1.330047	5.555596	4.108937	1.000000
1.202617	3.725804	5.188399	1.000000
4.123506	2.326083	3.894534	1.000000
0.432864	5.670914	2.897619	1.000000
5.116568	3.913753	1.582250	1.000000
1.358197	4.664980	7.617817	1.000000
5.769284	0.348338	9.650616	1.000000
1.493927	1.335887	8.661272	1.000000
5.568376	1.672931	9.764567	1.000000
9.609266	2.215203	8.407478	1.000000
6.540992	9.927824	8.046565	1.000000
0.137904	2.773275	8.571736	1.000000
1.871272	0.518273	7.897276	1.000000
1.530409	2.629506	5.357358	1.000000
0.666807	1.040744	2.322724	1.000000
1.950652	6.253813	10.354530	1.000000
10.157334	8.958112	1.087212	1.000000
3.716299	2.615546	6.273435	1.000000
9.762612	1.461660	3.566138	1.000000
2.130292	6.452442	7.001669	1.000000
4.697675	6.274512	2.155027	1.000000
2.745345	10.324337	1.392355	1.000000
2.041001	3.446306	6.983093	1.000000
3.471916	0.861149	2.695141	1.000000
2.793039	5.042555	4.542172	1.000000
2.614212	5.609333	5.717328	1.000000
4.760840	1.055068	9.121392	1.000000
5.192723	5.936196	0.516412	1.000000
8.837938	9.430836	4.880329	1.000000
6.512619	3.452799	9.153772	1.000000
4.005762	9.558798	5.951340	1.000000
3.336633	5.537957	3.480794	1.000000
9.513478	9.507880	8.508749	1.000000
10.005249	4.923671	9.086124	1.000000
1.790540	0.359353	1.788208	1.000000
2.974193	8.174550	2.425386	1.000000
5.044406	0.733234	6.728767	1.000000
9.962927	7.398104	1.010798	1.000000
1.503742	7.669432	8.500025	1.000000
2.387337	1.951002	9.771345	1.000000
4.315934	8.649262	3.049838	1.000000
5.749095	9.565905	1.708941	1.000000
3.203428	4.263372	7.872788	1.000000
5.103739	8.882747	2.319637	1.000000
0.709587	0.203424	2.977421	1.000000
7.856389	0.684703	7.359113	1.000000
2.104251	8.111519	5.463468	1.000000
6.510094	2.482787	4.451928	1.000000
3.022557	9.834109	4.231705	1.000000
10.869678	7.655706	2.752481	1.000000
1.399503	5.411683	2.791316	1.000000
5.753379	10.836032	6.637334	1.000000
0.938299	0.659060	10.616832	1.000000
4.754977	10.775712	4.917928	1.000000
9.318354	5.414261	9.673062	1.000000
0.077921	5.943790	8.475698	1.000000
7.736244	10.535568	10.680819	1.000000
9.036958	8.139756	5.218328	1.000000
4.505543	3.724524	10.856423	1.000000
5.266007	7.402901	2.711062	1.000000
5.278291	0.202095	1.584388	1.000000
5.229103	0.165088	8.638535	1.000000
7.442968	4.928247	9.726931	1.000000
1.975224	3.438188	1.565392	1.000000
3.054009	7.266378	7.016237	1.000000
3.907195	0.898850	0.078271	1.000000
3.102219	7.122088	0.636759	1.000000
1.461307	2.196719	2.748100	1.000000
2.015406	0.087229	3.259744	1.000000
0.392799	1.560834	8.958291	1.000000
0.323727	9.635546	5.829877	1.000000
0.273502	2.192762	7.277669	1.000000
5.738087	10.572844	2.603309	1.000000
1.361748	7.549712	6.280003	1.000000
2.886225	0.395638	1.950610	1.000000
2.736924	8.910656	6.186031	1.000000
5.118997	10.497888	9.469800	1.000000
10.892888	4.871076	7.010539	1.000000
3.380790	1.895335	5.159700	1.000000
8.982579	9.896211	6.161572	1.000000
10.672675	1.148888	7.020365	1.000000
1.168291	8.648913	5.170779	1.000000
4.272866	6.895543	0.133709	1.000000
4.882852	0.532720	10.454457	1.000000
3.178217	9.918228	7.346572	1.000000
5.258196	9.647671	5.190934	1.000000
10.381831	0.527298	10.787762	1.000000
9.723744	4.462242	10.061915	1.000000
5.512454	2.725538	10.355179	1.000000
4.934188	0.133472	3.772514	1.000000
4.748777	8.857394	5.812867	1.000000
1.081470	3.666330	4.164511	1.000000
0.869336	10.661841	1.935490	1.000000
0.420265	1.854921	2.873365	1.000000
2.403627	5.780903	2.512641	1.000000
10.111951	2.516190	4.150180	1.000000
8.742627	4.594070	7.138141	1.000000
3.085014	9.328617	8.167139	1.000000
3.629219	8.598376	5.606380	1.000000
6.754833	5.599905	8.354271	1.000000
9.253033	1.136360	4.406648	1.000000
7.261685	7.183489	0.590826	1.000000
8.307331	1.153961	10.066726	1.000000
5.817577	0.998342	8.410510	1.000000
2.632628	5.090444	8.690444	1.000000
6.043979	0.060432	4.185811	1.000000
8.350858	1.572145	5.273500	1.000000
0.211810	8.768171	4.748355	1.000000
8.519676	3.856728	0.619230	1.000000
9.546242	0.194114	5.481649	1.000000
7.497438	1.548108	6.259625	1.000000
4.387458	4.839794	4.800367	1.000000
4.409582	5.881273	10.380843	1.000000
2.602165	5.488732	10.496464	1.000000
6.564658	1.155974	9.075727	1.000000
2.201291	2.409141	1.971597	1.000000
7.882418	9.343484	1.523442	1.000000
4.274665	10.716157	1.900395	1.000000
5.573698	1.873543	5.112574	1.000000
8.633791	5.873268	3.085244	1.000000
7.892926	9.066941	5.146297	1.000000
1.099570	4.169947	8.682571	1.000000
6.766991	6.719591	1.558308	1.000000
4.641636	2.982127	6.596045	1.000000
6.622813	10.574273	3.141501	1.000000
7.280859	1.808675	7.866503	1.000000
7.533458	10.112668	3.449114	1.000000
4.136912	1.129038	3.769529	1.000000
4.989923	4.825308	10.367822	1.000000
7.068204	3.193367	2.493572	1.000000
4.850912	2.904437	3.274898	1.000000
7.508700	0.773739	0.037387	1.000000
1.960391	5.624943	7.557705	1.000000
9.524005	0.839735	10.128498	1.000000
7.134986	10.022119	6.509746	1.000000
6.371017	2.257676	7.230285	1.000000
8.608096	0.207829	9.585512	1.000000
5.820932	7.045606	0.617416	1.000000
2.582630	6.822589	1.590568	1.000000
5.733919	3.728949	10.847373	1.000000
3.784825	4.138783	2.812602	1.000000
5.314153	4.517733	3.704310	1.000000
5.105437	0.983756	2.902943	1.000000
8.382314	4.441158	1.692315	1.000000
5.549736	0.903425	5.468290	1.000000
10.441099	3.598973	1.759555	1.000000
5.874195	5.652829	3.705539	1.000000
5.377106	4.432192	4.836004	1.000000
5.294986	6.530564	5.268331	1.000000
10.475379	0.809444	3.141256	1.000000
10.812098	6.048131	9.613264	1.000000
1.845090	4.640895	9.213846	1.000000
5.776342	10.798238	5.371088	1.000000
1.842894	7.798461	3.418514	1.000000
9.309126	5.059755	6.294546	1.000000
2.909161	1.228169	9.189643	1.000000
3.327291	10.728390	9.820542	1.000000
7.527321	7.370480	8.996701	1.000000
2.243164	6.105522	0.556428	1.000000
8.117716	7.846453	0.029702	1.000000
7.509134	6.991072	10.058677	1.000000
3.255776	0.038382	4.792190	1.000000
6.078429	2.395041	0.838049	1.000000
7.670682	2.395008	4.312943	1.000000
6.253422	5.001433	0.043234	1.000000
3.626300	5.669106	4.564588	1.000000
2.571246	2.809303	6.325682	1.000000
6.634384	1.401705	5.637757	1.000000
7.123844	7.783026	7.734916	1.000000
9.361345	5.740257	3.936821	1.000000
0.937975	0.562819	6.915570	1.000000
10.221660	9.403293	5.491091	1.000000
8.178126	1.219973	3.939709	1.000000
6.450977	6.032964	4.542420	1.000000
1.116842	5.797594	0.512815	1.000000
4.759039	7.192617	5.919880	1.000000
8.942265	6.047015	7.538775	1.000000
10.395237	0.083710	6.561037	1.000000
2.114476	4.245060	4.946712	1.000000
7.319609	6.098154	9.551930	1.000000
4.672196	1.950817	5.877511	1.000000
4.587930	6.675975	3.335571	1.000000
6.115127	9.209712	0.749085	1.000000
10.324905	5.177483	6.230761	1.000000
6.928489	9.834776	1.757328	1.000000
9.582541	10.564615	1.842499	1.000000
5.908229	4.967645	6.431386	1.000000
2.690063	6.969615	3.047547	1.000000
5.696761	2.167838	6.087717	1.000000
8.250485	6.477422	8.218321	1.000000
4.681945	8.375287	8.419301	1.000000
6.400269	6.010614	5.764206	1.000000
6.190948	8.342767	0.125475	1.000000
8.493667	7.458898	0.928728	1.000000
9.057135	7.998776	6.991132	1.000000
9.822314	2.737555	6.600259	1.000000
7.895994	4.184791	6.259723	1.000000
6.671824	4.110309	10.446152	1.000000
8.393073	7.619407	4.018319	1.000000
10.326251	10.035228	10.888819	1.000000
0.409237	9.169875	3.850023	1.000000
5.123305	9.976723	4.056879	1.000000
5.245324	5.433531	4.844774	1.000000
5.049456	5.444669	1.468687	1.000000
9.702420	8.870764	9.338877	1.000000
7.621153	6.098563	1.373492	1.000000
1.564774	9.567266	9.822907	1.000000
6.051366	0.997892	2.209278	1.000000
4.028878	3.010862	8.501309	1.000000
5.618872	5.700697	8.198924	1.000000
8.885912	8.725224	2.317685	1.000000
1.876832	6.585626	8.898167	1.000000
1.616511	1.108497	0.808268	1.000000
4.242134	6.256089	5.167629	1.000000
3.817094	9.875268	9.344635	1.000000
5.836002	5.187027	2.214703	1.000000
3.963839	0.028972	3.189178	1.000000
5.836793	7.295254	5.922290	1.000000
2.376852	10.379503	5.014076	1.000000
4.597084	0.941858	5.785453	1.000000
8.633889	8.717647	4.194846	1.000000
7.306662	6.036406	0.036093	1.000000
6.166397	0.129453	10.675022	1.000000
6.652049	5.847334	6.737589	1.000000
5.727750	6.145327	2.757094	1.000000
1.581834	9.556414	5.447612	1.000000
4.367746	7.300308	7.464318	1.000000
8.863435	5.724481	8.509897	1.000000
2.382544	3.813407	9.433862	1.000000
8.602868	4.600122	4.339515	1.000000
5.896208	10.682986	7.757611	1.000000
8.825085	10.681723	8.194438	1.000000
1.519041	8.873572	6.181388	1.000000
4.313402	1.027335	8.025349	1.000000
2.458826	9.049759	3.872887	1.000000
0.402112	4.672987	9.298933	1.000000
10.082752	9.753780	6.429182	1.000000
9.550094	9.356920	0.133138	1.000000
2.595876	8.375866	8.140492	1.000000
5.672544	3.473583	3.847179	1.000000
6.542790	8.190973	5.682338	1.000000
8.962951	0.481455	1.698995	1.000000
3.877623	8.284054	7.587870	1.000000
6.598616	1.747868	3.530750	1.000000
0.116950	7.766404	5.934475	1.000000
8.132897	1.644486	7.302607	1.000000
8.894211	6.585662	6.614651	1.000000
0.516300	8.959174	8.609663	1.000000
9.433770	3.133545	4.633054	1.000000
8.608773	2.298333	8.780865	1.000000
2.475704	9.969425	5.995327	1.000000
7.803141	3.601589	1.782143	1.000000
10.492391	3.222848	10.196052	1.000000
7.665412	8.410985	9.938473	1.000000
7.916627	7.066171	5.803790	1.000000
3.050192	6.560773	8.687616	1.000000
7.660056	2.217226	3.205141	1.000000
6.565187	4.309320	0.773339	1.000000
4.599054	2.072738	2.481634	1.000000
0.844136	1.143497	3.765251	1.000000
8.054100	3.490352	2.769059	1.000000
6.626559	7.135953	5.116162	1.000000
3.731068	0.608496	9.199704	1.000000
10.423206	8.311423	3.432668	1.000000
7.854977	3.808331	9.784074	1.000000
5.038232	1.207271	4.312726	1.000000
0.925155	3.129886	6.023309	1.000000
9.688789	10.541688	0.781519	1.000000
5.479213	8.676722	6.646898	1.000000
5.634419	1.914431	2.115890	1.000000
6.894269	10.277886	9.919359	1.000000
0.257065	9.196248	1.390147	1.000000
7.890346	9.331467	6.460693	1.000000
10.255938	3.816301	6.366343	1.000000
9.002016	9.559304	7.602680	1.000000
7.408552	2.492349	1.486295	1.000000
6.169775	9.171702	10.346654	1.000000
9.575550	2.618596	1.558219	1.000000
6.661099	7.015847	10.688354	1.000000
8.606838	7.100820	9.201026	1.000000
7.048265	6.356900	2.709109	1.000000
3.214018	7.951701	6.293693	1.000000
2.551662	4.070573	2.570686	1.000000
4.991154	7.987843	1.718825	1.000000
6.101288	7.067252	3.218366	1.000000
8.045048	8.802290	3.342780	1.000000
2.596737	2.776425	10.352750	1.000000
7.785542	3.839265	4.328089	1.000000
7.726134	2.998024	6.671982	1.000000
9.256517	0.479033	7.438679	1.000000
8.325149	0.726397	6.412280	1.000000
3.582980	9.071374	6.844722	1.000000
6.929406	3.531684	6.125086	1.000000
4.113334	1.591098	7.153961	1.000000
1.996155	1.534608	5.817100	1.000000
0.398334	6.204771	1.669808	1.000000
2.599991	8.215000	7.071513	1.000000
4.206521	6.513773	8.654420	1.000000
8.662919	10.007185	1.116294	1.000000
9.001464	1.272950	8.806743	1.000000
1.098459	1.223992	7.717921	1.000000
1.241663	6.403592	8.105168	1.000000
9.308623	7.272386	0.004583	1.000000
9.776706	0.929136	8.273522	1.000000
1.671986	5.235465	5.225447	1.000000
6.785328	3.380329	1.392109	1.000000
7.828360	0.063532	3.938354	1.000000
0.467867	2.992547	3.236891	1.000000
4.166248	9.614252	1.780932	1.000000
10.445457	9.580425	9.064008	1.000000
4.757883	7.136084	1.192865	1.000000
4.518497	8.166638	6.643410	1.000000
10.696836	7.626288	4.892169	1.000000
4.157356	4.727602	8.517012	1.000000
7.586770	4.333361	0.436161	1.000000
9.790605	8.149499	7.954013	1.000000
9.729532	4.910034	7.343181	1.000000
9.177934	1.505365	7.356144	1.000000
7.487159	4.888437	7.097724	1.000000
3.118045	1.731912	6.567394	1.000000
6.355317	5.119547	7.407813	1.000000
5.198386	4.034943	7.435461	1.000000
0.587470	7.969702	8.794561	1.000000
3.851650	1.874289	8.798904	1.000000
9.172899	4.849798	0.034329	1.000000
1.079327	5.417602	8.743058	1.000000
7.908649	9.137071	8.406257	1.000000
5.977144	3.952126	2.434543	1.000000
6.132745	3.672899	8.149485	1.000000
7.678965	8.549867	0.910689	1.000000
1.446607	1.125886	2.947342	1.000000
7.503090	9.640255	0.493444	1.000000
8.579194	8.997455	10.789915	1.000000
3.556408	9.239029	3.443841	1.000000
3.341848	5.313210	0.738139	1.000000
2.389076	0.486951	5.200884	1.000000
1.096853	6.736672	9.577447	1.000000
1.889454	5.696116	9.382189	1.000000
2.548181	2.622351	5.053493	1.000000
1.921001	10.463256	10.689311	1.000000
5.951114	8.234550	1.547485	1.000000
7.290405	9.873512	5.378466	1.000000
6.676865	7.897280	2.859977	1.000000
2.691287	6.629125	6.135017	1.000000
6.067539	3.779225	5.376786	1.000000
8.658492	3.963169	10.508418	1.000000
10.289236	5.172700	0.166772	1.000000
5.929113	9.440136	4.333629	1.000000
7.080613	7.120809	6.540951	1.000000
5.409543	8.476684	10.302452	1.000000
9.293009	7.974499	3.725372	1.000000
10.123190	6.869049	4.528473	1.000000
4.101646	0.633969	4.790299	1.000000
5.042752	2.884268	1.269721	1.000000
1.818591	1.500689	3.798092	1.000000
9.131373	1.791946	9.664177	1.000000
6.166355	1.209202	7.422249	1.000000
8.380937	6.901348	2.011598	1.000000
8.304137	6.974596	7.326389	1.000000
2.667660	0.461022	4.050953	1.000000
5.871081	4.994462	1.031112	1.000000
5.667703	6.592502	3.989532	1.000000
8.109595	10.059437	4.466989	1.000000
0.269415	4.616290	2.480141	1.000000
6.388859	4.877156	3.165342	1.000000
9.164721	3.550753	1.951733	1.000000
8.855694	4.745630	8.175123	1.000000
7.558227	10.856330	8.034421	1.000000
3.555039	4.681248	5.406471	1.000000
9.993749	0.777895	1.821937	1.000000
6.243780	9.637943	3.328220	1.000000
9.148226	5.908562	0.029202	1.000000
3.981893	7.040240	6.542466	1.000000
10.134562	1.143466	9.252611	1.000000
0.514428	8.421758	0.050075	1.000000
3.651101	0.714851	7.341077	1.000000
8.280782	0.952968	2.746922	1.000000
1.078526	7.873260	10.311382	1.000000
6.929789	8.564328	1.666113	1.000000
2.203270	0.214271	0.769500	1.000000
1.670797	7.368475	7.233185	1.000000
0.950671	7.559733	0.542368	1.000000
9.255363	6.566846	10.119778	1.000000
0.644636	0.642296	1.107430	1.000000
9.991248	10.213039	3.034838	1.000000
6.279494	8.216946	7.299292	1.000000
1.489362	2.500473	6.581057	1.000000
0.620604	9.298392	10.288528	1.000000
9.996221	10.823991	8.299923	1.000000
7.419741	3.125017	3.599930	1.000000
3.871839	7.348774	9.181681	1.000000
3.424917	9.597430	5.126408	1.000000
4.093928	3.405489	7.463798	1.000000
6.259833	9.953644	0.089714	1.000000
10.517863	5.841049	7.460456	1.000000
1.318783	10.615937	9.796966	1.000000
7.212977	0.578170	6.554692	1.000000
2.364036	7.166525	8.017512	1.000000
5.323476	4.842862	9.087959	1.000000
9.820992	1.704724	0.701003	1.000000
9.289206	1.653624	2.100841	1.000000
9.721771	5.635218	2.742848	1.000000
7.186325	10.625753	4.686492	1.000000
6.963463	1.951488	0.399552	1.000000
4.830082	3.125525	5.576199	1.000000
4.108772	2.083767	0.523254	1.000000
8.049096	5.227920	10.581211	1.000000
10.012755	6.368756	0.518877	1.000000
2.065328	1.573643	7.243624	1.000000
6.904525	4.312874	2.307282	1.000000
7.944568	9.817746	7.592391	1.000000
4.008833	2.756443	10.636247	1.000000
9.473563	10.251793	4.935965	1.000000
8.887112	3.464638	6.127819	1.000000
6.040809	10.538424	1.016470	1.000000
0.942996	4.752497	4.654410	1.000000
0.791131	2.539520	0.899798	1.000000
0.518127	9.738039	9.288104	1.000000
9.902979	4.125334	8.072497	1.000000
1.017256	3.023290	2.095244	1.000000
8.669877	9.577488	3.632889	1.000000
0.350323	5.053851	10.227420	1.000000
8.143058	3.107847	10.711205	1.000000
1.465115	9.499455	0.031286	1.000000
5.217061	2.537243	4.411258	1.000000
9.288369	4.691908	2.296216	1.000000
7.637915	5.416675	4.359610	1.000000
0.040867	0.476139	8.883712	1.000000
0.661737	9.602578	2.296847	1.000000
7.500098	9.949432	9.070179	1.000000
4.679422	5.022579	2.933356	1.000000
9.549881	7.078012	2.778608	1.000000
6.526331	2.265086	10.377790	1.000000
6.587812	3.513522	7.130705	1.000000
2.846777	1.455713	4.016078	1.000000
0.576351	7.858105	7.110907	1.000000
10.188277	1.876913	5.006860	1.000000
3.352767	3.451735	0.091527	1.000000
2.882287	10.199907	0.376322	1.000000
10.548531	3.215747	5.603598	1.000000
0.416345	7.257297	1.358196	1.000000
10.159869	5.013429	3.644806	1.000000
9.144686	2.440744	5.335925	1.000000
4.002765	8.043813	0.150194	1.000000
3.987588	8.446883	2.031626	1.000000
10.830710	3.777212	8.939370	1.000000
8.868191	10.158439	10.398830	1.000000
9.422412	0.459390	2.944075	1.000000
0.948585	7.277726	3.180816	1.000000
9.354919	5.539727	1.504266	1.000000
0.001166	8.372557	7.850898	1.000000
3.131193	6.852063	9.977500	1.000000
10.441018	5.219678	2.039708	1.000000
8.375340	7.646870	2.819060	1.000000
2.744985	6.033086	4.120770	1.000000
8.226008	5.451223	2.212258	1.000000
5.536752	5.649900	10.185872	1.000000
5.379790	7.404070	6.809982	1.000000
6.920721	1.941235	2.338525	1.000000
8.115237	5.347850	7.793307	1.000000
4.180061	8.678088	4.564777	1.000000
1.673031	5.972280	6.074348	1.000000
7.847761	1.321550	1.805105	1.000000
2.512750	1.217268	10.813946	1.000000
9.019027	8.374320	1.223204	1.000000
9.798431	10.855941	9.466437	1.000000
1.142647	2.227471	3.944474	1.000000
4.664213	0.060701	7.736468	1.000000
2.742654	3.715240	5.736414	1.000000
9.334053	6.620946	1.672823	1.000000
8.529048	1.914159	1.171189	1.000000
7.372521	7.558916	3.596969	1.000000
0.341782	6.868318	8.869454	1.000000
1.683611	4.821710	1.448545	1.000000
7.133081	4.444994	5.605536	1.000000
3.933324	3.647548	5.485231	1.000000
9.064964	2.768211	0.599673	1.000000
8.459586	2.256308	2.117118	1.000000
1.349719	1.299097	4.782031	1.000000
10.689128	1.542573	4.179922	1.000000
10.157789	8.238008	2.132664	1.000000
6.016102	9.853091	5.848208	1.000000
2.683796	5.186275	6.902622	1.000000
8.625401	6.196201	0.878653	1.000000
9.031460	4.248000	5.316883	1.000000
9.976504	6.228010	6.554064	1.000000
2.002380	4.737257	6.302203	1.000000
1.339462	8.554419	0.794654	1.000000
8.796349	8.457118	7.945072	1.000000
4.470656	9.918109	8.478218	1.000000
5.194376	6.356272	9.231868	1.000000
7.886634	10.698887	5.918979	1.000000
5.568403	8.584093	9.280096	1.000000
10.299690	2.357893	9.434500	1.000000
6.734226	8.544756	3.724844	1.000000
9.773810	2.679163	10.751145	1.000000
0.031532	7.155519	0.136782	1.000000
6.806174	2.501539	6.172868	1.000000
0.404417	2.524594	9.707827	1.000000
10.750179	0.568396	7.849571	1.000000
0.906588	6.735439	5.505215	1.000000
10.745144	6.758292	3.669875	1.000000
8.501245	6.095533	4.989776	1.000000
3.112678	7.162084	4.105015	1.000000
9.950835	0.074871	3.722906	1.000000
0.989108	9.766371	3.253655	1.000000
9.943115	8.241500	10.509216	1.000000
3.807938	7.709041	3.421304	1.000000
10.484368	9.796989	4.558342	1.000000
9.320317	7.814120	8.792317	1.000000
1.444796	3.922006	0.776115	1.000000
4.917504	9.477911	10.842515	1.000000
8.820200	8.856081	6.371976	1.000000
1.129441	3.937808	10.587818	1.000000
6.144552	6.072893	0.200335	1.000000
5.734108	3.583338	6.545128	1.000000
6.955476	5.355673	0.788549	1.000000
5.976416	2.630029	9.411272	1.000000
