256
0.000000 7.262010
0.000000 7.262010
0.000000 7.262010
0.583715	1.173932	0.837580	1.000000
0.110280	1.420791	7.111722	1.000000
1.412364	6.879327	3.402735	1.000000
6.172505	1.944002	5.912661	1.000000
7.243970	6.489477	2.059636	1.000000
6.806974	6.670261	3.190511	1.000000
1.366849	6.994395	1.717586	1.000000
5.978248	0.687054	0.613216	1.000000
1.750557	1.267107	1.319322	1.000000
0.509210	4.657886	3.873774	1.000000
2.172492	6.908272	4.725210	1.000000
2.331772	5.938103	7.031952	1.000000
5.574672	1.387771	3.987719	1.000000
6.796837	0.967855	5.458546	1.000000
7.077183	0.329236	7.212960	1.000000
2.701128	1.901870	6.986471	1.000000
1.049507	0.940459	5.706589	1.000000
1.422273	1.845151	0.147018	1.000000
1.168621	3.996612	0.522194	1.000000
6.822027	3.415010	1.836614	1.000000
0.217787	0.714710	6.382690	1.000000
3.897655	0.201243	1.313677	1.000000
1.096854	3.743346	4.452783	1.000000
6.816992	0.596715	1.385744	1.000000
1.491530	4.758491	3.404259	1.000000
1.088238	0.493134	3.040533	1.000000
2.229277	1.393174	4.674493	1.000000
1.612131	3.289265	6.358684	1.000000
0.714936	2.661738	3.979667	1.000000
6.375496	1.736561	7.180350	1.000000
0.786638	1.732543	4.731276	1.000000
1.973080	4.353481	5.314098	1.000000
6.667856	6.015399	1.101427	1.000000
1.164879	4.907272	6.035611	1.000000
1.540862	3.276755	1.268894	1.000000
6.084966	6.899451	4.169724	1.000000
7.157564	2.461568	1.843729	1.000000
2.509244	4.598518	2.092204	1.000000
7.258911	0.419049	2.910120	1.000000
1.651691	3.230468	2.379811	1.000000
5.841997	3.139924	3.416372	1.000000
2.272389	2.392249	6.041196	1.000000
3.256536	4.101818	4.911785	1.000000
6.903970	2.265269	5.294072	1.000000
6.952568	3.673133	6.045414	1.000000
0.908560	6.517278	4.774100	1.000000
2.231004	3.997802	0.032923	1.000000
7.211727	0.031142	4.982320	1.000000
6.916930	4.605744	4.648076	1.000000
2.877694	6.876070	7.046628	1.000000
4.810206	4.007459	6.925627	1.000000
5.184789	6.279045	0.195673	1.000000
5.857050	4.651889	3.626793	1.000000
1.250554	4.082660	1.982159	1.000000
1.101787	5.908584	3.420187	1.000000
5.714161	6.036823	4.606370	1.000000
6.250043	4.478730	1.967470	1.000000
7.170631	0.722116	4.237990	1.000000
2.280048	5.656343	4.048186	1.000000
0.996459	5.074388	2.215169	1.000000
0.423795	6.763409	3.820822	1.000000
0.634239	5.466455	4.926687	1.000000
7.057950	6.372610	5.964638	1.000000
6.431630	4.261009	6.800641	1.000000
7.139617	6.809811	0.589873	1.000000
0.082769	1.453917	1.908276	1.000000
4.579411	0.476286	5.647969	1.000000
0.677473	1.820723	3.240656	1.000000
1.033235	6.104047	2.322525	1.000000
1.339659	1.510793	2.272614	1.000000
2.717774	1.088894	1.778878	1.000000
5.098814	1.925169	2.067954	1.000000
3.264373	2.039757	1.816362	1.000000
6.110566	3.797364	2.694955	1.000000
3.561711	2.940438	2.281579	1.000000
3.712979	7.119367	3.468644	1.000000
6.232300	7.027856	6.568497	1.000000
3.760986	5.283242	6.071681	1.000000
1.347583	1.978349	6.121857	1.000000
1.917139	0.449015	5.282298	1.000000
0.913879	7.186612	0.645163	1.000000
2.639274	2.831029	1.887391	1.000000
0.470355	3.521393	1.328594	1.000000
2.465612	3.042371	3.194935	1.000000
0.699850	2.834080	2.565133	1.000000
2.685020	7.153974	1.749224	1.000000
2.034870	0.286841	2.682068	1.000000
2.786379	2.147763	4.124322	1.000000
2.630145	1.275601	6.054422	1.000000
2.001617	5.534875	2.851740	1.000000
4.215929	7.133770	4.334766	1.000000
3.039150	3.277795	6.656542	1.000000
2.471154	0.532148	6.740737	1.000000
3.383731	3.180331	3.926063	1.000000
0.861770	2.065093	1.301084	1.000000
7.073600	2.450054	6.741299	1.000000
4.689211	3.241286	2.485349	1.000000
2.919456	4.975616	5.354202	1.000000
3.989769	1.355108	4.004289	1.000000
6.300082	6.957434	2.286114	1.000000
3.510395	5.624291	3.877591	1.000000
3.798377	6.107005	2.329692	1.000000
4.258216	4.929638	4.067858	1.000000
2.157231	6.285074	2.188061	1.000000
4.319718	1.697141	2.898698	1.000000
3.696515	5.027204	2.283741	1.000000
3.666339	1.850836	4.943613	1.000000
0.184378	3.337216	5.130853	1.000000
1.004508	4.873059	7.040343	1.000000
1.850399	2.888422	0.149265	1.000000
0.478562	2.816629	0.132372	1.000000
1.390584	6.262464	6.215876	1.000000
3.680766	3.355749	0.330386	1.000000
3.286561	5.557584	7.104123	1.000000
2.927191	5.714858	1.894080	1.000000
1.848153	0.654189	0.460565	1.000000
3.767337	0.014414	2.390605	1.000000
2.029130	4.995979	0.846695	1.000000
2.697572	0.187557	3.523100	1.000000
3.808463	5.241673	1.142261	1.000000
1.092287	3.852037	3.119439	1.000000
0.886579	0.414697	4.026234	1.000000
4.541432	6.538790	6.129671	1.000000
4.422800	3.680679	1.072005	1.000000
6.206646	4.361476	5.598120	1.000000
2.875195	6.002901	5.294988	1.000000
2.008717	3.857813	3.689232	1.000000
1.773216	5.316764	4.987209	1.000000
3.352612	6.472292	1.043991	1.000000
5.445896	2.579593	4.169513	1.000000
3.419864	3.463518	1.405203	1.000000
3.938897	6.329611	5.240405	1.000000
6.212305	5.718459	2.594618	1.000000
4.284612	1.242929	2.006296	1.000000
6.328656	2.026103	3.528947	1.000000
3.383014	0.900064	4.783968	1.000000
1.080464	0.614034	7.063096	1.000000
3.478610	7.259474	6.291174	1.000000
5.137907	0.612262	2.979610	1.000000
3.062929	6.232725	6.299757	1.000000
5.224637	7.109287	6.715650	1.000000
2.976807	6.473406	4.262617	1.000000
6.496711	0.986733	3.506231	1.000000
4.280657	0.561972	0.434823	1.000000
2.723441	2.552598	0.597671	1.000000
7.257075	4.838923	6.916363	1.000000
6.369908	0.683926	2.480133	1.000000
3.362270	4.306206	0.017363	1.000000
3.660855	1.199869	1.089950	1.000000
4.590901	2.961270	5.187266	1.000000
5.755651	1.440299	2.713579	1.000000
7.019438	3.981245	3.823058	1.000000
3.429117	1.062855	2.645182	1.000000
6.321315	1.696757	4.693017	1.000000
3.055145	1.277129	3.607800	1.000000
2.558911	3.062308	4.839768	1.000000
4.163791	2.837634	6.276853	1.000000
3.643707	0.975148	6.025925	1.000000
5.333077	0.864090	6.390692	1.000000
2.951542	0.373264	0.740029	1.000000
2.675151	4.078578	6.061078	1.000000
2.235778	6.320410	1.011431	1.000000
2.249322	5.668819	6.005746	1.000000
2.673457	1.535468	0.849531	1.000000
3.623526	1.131933	7.187702	1.000000
4.963916	5.218376	3.377058	1.000000
3.654868	2.522696	1.010203	1.000000
4.978854	4.086590	2.969039	1.000000
2.883913	4.439402	3.118716	1.000000
6.638941	5.757348	3.654799	1.000000
4.281990	2.630786	3.911408	1.000000
0.264515	3.987594	2.335315	1.000000
3.279530	7.200559	5.227232	1.000000
5.042352	2.411948	2.953447	1.000000
0.535303	3.388340	6.524475	1.000000
2.914125	4.506322	0.926569	1.000000
0.492588	6.003366	0.364424	1.000000
4.165473	6.751178	0.464180	1.000000
5.094867	5.553862	2.442808	1.000000
5.124869	0.049874	1.015032	1.000000
1.515284	5.934070	0.382308	1.000000
6.110025	6.923931	0.322009	1.000000
6.958114	5.732153	4.621573	1.000000
5.448147	6.591567	2.677393	1.000000
2.771180	4.725866	4.133074	1.000000
6.912410	4.840911	3.158173	1.000000
4.665479	5.658063	4.721424	1.000000
4.601974	6.178158	3.633870	1.000000
5.077526	6.677946	5.264848	1.000000
3.669813	4.264190	6.110495	1.000000
3.630679	3.196097	5.469559	1.000000
2.029831	4.902364	6.799895	1.000000
0.472785	5.630097	6.453159	1.000000
6.468082	0.832528	6.409881	1.000000
5.717674	6.517080	1.581426	1.000000
4.716071	2.807339	1.536172	1.000000
6.986010	3.354901	2.902328	1.000000
6.292302	2.653280	2.507256	1.000000
5.072180	1.366246	0.202487	1.000000
0.292490	1.608919	5.791384	1.000000
0.526540	0.291699	2.028602	1.000000
1.747300	2.394231	1.713573	1.000000
6.067382	7.014387	5.435607	1.000000
5.687195	0.462674	1.755406	1.000000
5.915090	4.970477	4.683902	1.000000
5.805107	0.723399	5.346010	1.000000
0.729931	7.099661	6.231194	1.000000
5.019230	0.604750	4.472729	1.000000
5.845506	3.535898	5.005416	1.000000
5.095247	3.199924	6.205199	1.000000
6.290667	1.678485	1.349249	1.000000
6.084467	3.153101	7.231710	1.000000
6.907429	2.200739	0.735397	1.000000
5.664644	3.970156	0.481858	1.000000
3.813680	3.979968	2.166655	1.000000
5.238656	3.857406	3.985217	1.000000
2.260408	1.475546	2.710002	1.000000
4.605050	1.461802	5.928318	1.000000
0.754020	2.603814	5.555544	1.000000
4.574160	4.741733	1.866137	1.000000
3.371220	2.069322	6.023896	1.000000
5.445269	6.163233	6.394216	1.000000
6.438680	5.602538	6.715140	1.000000
7.126827	3.764866	0.112877	1.000000
6.001233	3.000494	1.333682	1.000000
5.763829	5.227383	0.302346	1.000000
5.333842	2.228538	6.948175	1.000000
5.020481	7.108361	3.715505	1.000000
5.794662	5.431653	1.461744	1.000000
4.932927	4.612315	0.716168	1.000000
1.732565	2.509515	4.065028	1.000000
4.672826	0.287017	2.056259	1.000000
5.999119	5.659262	5.654846	1.000000
6.854342	2.950302	4.080712	1.000000
4.981791	2.949825	0.375384	1.000000
4.822016	3.976104	5.537607	1.000000
5.248279	1.736773	5.145138	1.000000
6.154941	2.950567	6.145785	1.000000
4.957390	5.349358	6.000202	1.000000
4.329342	2.092384	7.102650	1.000000
5.735729	2.295781	0.648467	1.000000
4.233343	5.044439	0.142743	1.000000
0.082347	4.865680	0.834750	1.000000
4.756221	6.153192	1.266163	1.000000
7.169577	5.383977	1.925776	1.000000
7.025187	5.295089	5.621089	1.000000
0.911564	5.660667	1.292069	1.000000
7.181560	1.794077	4.119469	1.000000
4.234975	4.826254	5.196759	1.000000
4.012819	4.244069	3.378021	1.000000
0.630549	4.269205	5.444656	1.000000
3.459968	2.302873	3.270181	1.000000
1.683805	3.381881	5.310458	1.000000
6.554583	4.263098	0.951185	1.000000
5.499813	3.820571	1.611225	1.000000
4.317901	3.906923	4.415681	1.000000
