r   g(r)
0.002475	0.000000
0.007425	0.000000
0.012374	0.000000
0.017324	0.000000
0.022274	0.000000
0.027224	0.000000
0.032173	0.000000
0.037123	0.000000
0.042073	0.000000
0.047023	0.000000
0.051972	0.000000
0.056922	0.000000
0.061872	0.000000
0.066822	0.000000
0.071771	0.000000
0.076721	0.000000
0.081671	0.000000
0.086621	0.000000
0.091570	0.000000
0.096520	0.000000
0.101470	0.000000
0.106420	0.000000
0.111369	0.000000
0.116319	0.000000
0.121269	0.000000
0.126219	0.000000
0.131168	0.000000
0.136118	0.000000
0.141068	0.000000
0.146018	0.000000
0.150967	0.000000
0.155917	0.000000
0.160867	0.000000
0.165817	0.000000
0.170766	0.000000
0.175716	0.000000
0.180666	0.000000
0.185616	0.000000
0.190565	0.000000
0.195515	0.000000
0.200465	0.000000
0.205415	0.000000
0.210364	0.000000
0.215314	0.000000
0.220264	0.000000
0.225214	0.000000
0.230163	0.000000
0.235113	0.000000
0.240063	0.000000
0.245013	0.000000
0.249962	0.000000
0.254912	0.000000
0.259862	0.000000
0.264811	0.000000
0.269761	0.000000
0.274711	0.000000
0.279661	0.000000
0.284610	0.000000
0.289560	0.000000
0.294510	0.000000
0.299460	0.000000
0.304409	0.000000
0.309359	0.000000
0.314309	0.000000
0.319259	0.000000
0.324208	0.000000
0.329158	0.000000
0.334108	0.000000
0.339058	0.000000
0.344007	0.000000
0.348957	0.000000
0.353907	0.000000
0.358857	0.000000
0.363806	0.000000
0.368756	0.000000
0.373706	0.000000
0.378656	0.000000
0.383605	0.000000
0.388555	0.000000
0.393505	0.000000
0.398455	0.000000
0.403404	0.000000
0.408354	0.000000
0.413304	0.000000
0.418254	0.000000
0.423203	0.000000
0.428153	0.000000
0.433103	0.000000
0.438053	0.000000
0.443002	0.000000
0.447952	0.000000
0.452902	0.000000
0.457852	0.000000
0.462801	0.000000
0.467751	0.000000
0.472701	0.000000
0.477651	0.000000
0.482600	0.000000
0.487550	0.000000
0.492500	0.000000
0.497450	0.000000
0.502399	0.000000
0.507349	0.000000
0.512299	0.000000
0.517249	0.000000
0.522198	0.000000
0.527148	0.000000
0.532098	0.000000
0.537048	0.000000
0.541997	0.000000
0.546947	0.000000
0.551897	0.000000
0.556847	0.000000
0.561796	0.000000
0.566746	0.000000
0.571696	0.000000
0.576646	0.000000
0.581595	0.000000
0.586545	0.000000
0.591495	0.000000
0.596445	0.000000
0.601394	0.000000
0.606344	0.000000
0.611294	0.000000
0.616244	0.000000
0.621193	0.000000
0.626143	0.000000
0.631093	0.000000
0.636043	0.000000
0.640992	0.000000
0.645942	0.000000
0.650892	0.000000
0.655842	0.000000
0.660791	0.000000
0.665741	0.000000
0.670691	0.000000
0.675641	0.000000
0.680590	0.000000
0.685540	0.000000
0.690490	0.000000
0.695440	0.000000
0.700389	0.000000
0.705339	0.000000
0.710289	0.000000
0.715239	0.000000
0.720188	0.000000
0.725138	0.000000
0.730088	0.000000
0.735038	0.000000
0.739987	0.000000
0.744937	0.000000
0.749887	0.000000
0.754836	0.000000
0.759786	0.000000
0.764736	0.000000
0.769686	0.000000
0.774635	0.000000
0.779585	0.000000
0.784535	0.000000
0.789485	0.000000
0.794434	0.000000
0.799384	0.000000
0.804334	0.000000
0.809284	0.000000
0.814233	0.000000
0.819183	0.000000
0.824133	0.000000
0.829083	0.000000
0.834032	0.000000
0.838982	0.000000
0.843932	0.000000
0.848882	0.000000
0.853831	0.000000
0.858781	0.000000
0.863731	0.000000
0.868681	0.000000
0.873630	0.000000
0.878580	0.000000
0.883530	0.000000
0.888480	0.000000
0.893429	0.000000
0.898379	0.000000
0.903329	0.000000
0.908279	0.000000
0.913228	0.000000
0.918178	0.000000
0.923128	0.000000
0.928078	0.000000
0.933027	0.000000
0.937977	0.000000
0.942927	0.000000
0.947877	0.000000
0.952826	0.018253
0.957776	0.000000
0.962726	0.000000
0.967676	0.000000
0.972625	0.000000
0.977575	0.000000
0.982525	0.017166
0.987475	0.000000
0.992424	0.033651
0.997374	0.016659
1.002324	135.637960
1.007274	0.032666
1.012223	0.000000
1.017173	0.016017
1.022123	0.000000
1.027073	0.000000
1.032022	0.000000
1.036972	0.000000
1.041922	0.000000
1.046872	0.000000
1.051821	0.014979
1.056771	0.000000
1.061721	0.000000
1.066671	0.000000
1.071620	0.000000
1.076570	0.000000
1.081520	0.000000
1.086470	0.000000
1.091419	0.000000
1.096369	0.000000
1.101319	0.000000
1.106269	0.000000
1.111218	0.000000
1.116168	0.000000
1.121118	0.000000
1.126068	0.000000
1.131017	0.000000
1.135967	0.000000
1.140917	0.000000
1.145867	0.000000
1.150816	0.000000
1.155766	0.000000
1.160716	0.000000
1.165666	0.000000
1.170615	0.000000
1.175565	0.000000
1.180515	0.000000
1.185465	0.000000
1.190414	0.000000
1.195364	0.000000
1.200314	0.000000
1.205264	0.000000
1.210213	0.000000
1.215163	0.000000
1.220113	0.000000
1.225063	0.000000
1.230012	0.000000
1.234962	0.000000
1.239912	0.000000
1.244861	0.000000
1.249811	0.000000
1.254761	0.000000
1.259711	0.000000
1.264660	0.000000
1.269610	0.000000
1.274560	0.000000
1.279510	0.000000
1.284459	0.000000
1.289409	0.000000
1.294359	0.000000
1.299309	0.000000
1.304258	0.000000
1.309208	0.000000
1.314158	0.000000
1.319108	0.000000
1.324057	0.000000
1.329007	0.000000
1.333957	0.000000
1.338907	0.000000
1.343856	0.000000
1.348806	0.000000
1.353756	0.000000
1.358706	0.000000
1.363655	0.000000
1.368605	0.000000
1.373555	0.000000
1.378505	0.000000
1.383454	0.000000
1.388404	0.000000
1.393354	0.000000
1.398304	0.000000
1.403253	0.000000
1.408203	0.000000
1.413153	34.139214
1.418103	0.016481
1.423052	0.000000
1.428002	0.000000
1.432952	0.000000
1.437902	0.000000
1.442851	0.000000
1.447801	0.000000
1.452751	0.000000
1.457701	0.000000
1.462650	0.000000
1.467600	0.000000
1.472550	0.000000
1.477500	0.000000
1.482449	0.000000
1.487399	0.000000
1.492349	0.000000
1.497299	0.000000
1.502248	0.000000
1.507198	0.000000
1.512148	0.000000
1.517098	0.000000
1.522047	0.000000
1.526997	0.000000
1.531947	0.000000
1.536897	0.000000
1.541846	0.000000
1.546796	0.000000
1.551746	0.000000
1.556696	0.000000
1.561645	0.000000
1.566595	0.000000
1.571545	0.000000
1.576495	0.000000
1.581444	0.000000
1.586394	0.000000
1.591344	0.000000
1.596294	0.000000
1.601243	0.000000
1.606193	0.000000
1.611143	0.000000
1.616093	0.000000
1.621042	0.000000
1.625992	0.000000
1.630942	0.000000
1.635892	0.000000
1.640841	0.000000
1.645791	0.000000
1.650741	0.000000
1.655691	0.000000
1.660640	0.000000
1.665590	0.000000
1.670540	0.000000
1.675490	0.011806
1.680439	0.000000
1.685389	0.000000
1.690339	0.000000
1.695289	0.005766
1.700238	0.000000
1.705188	0.017098
1.710138	0.011333
1.715088	0.000000
1.720037	0.044811
1.724987	0.044554
1.729937	90.863478
1.734886	0.066070
1.739836	0.032847
1.744786	0.027218
1.749736	0.000000
1.754685	0.010765
1.759635	0.005352
1.764585	0.010644
1.769535	0.005292
1.774484	0.000000
1.779434	0.000000
1.784384	0.000000
1.789334	0.010352
1.794283	0.000000
1.799233	0.000000
1.804183	0.000000
1.809133	0.000000
1.814082	0.000000
1.819032	0.000000
1.823982	0.000000
1.828932	0.000000
1.833881	0.000000
1.838831	0.000000
1.843781	0.000000
1.848731	0.000000
1.853680	0.000000
1.858630	0.000000
1.863580	0.000000
1.868530	0.000000
1.873479	0.000000
1.878429	0.000000
1.883379	0.000000
1.888329	0.000000
1.893278	0.000000
1.898228	0.000000
1.903178	0.000000
1.908128	0.000000
1.913077	0.000000
1.918027	0.000000
1.922977	0.000000
1.927927	0.000000
1.932876	0.000000
1.937826	0.000000
1.942776	0.000000
1.947726	0.000000
1.952675	0.004346
1.957625	0.000000
1.962575	0.000000
1.967525	0.000000
1.972474	0.000000
1.977424	0.000000
1.982374	0.004217
1.987324	0.000000
1.992273	0.008350
1.997223	0.016618
2.002173	33.981022
2.007123	0.008227
2.012072	0.000000
2.017022	0.004073
2.021972	0.000000
2.026922	0.000000
2.031871	0.000000
2.036821	0.000000
2.041771	0.000000
2.046721	0.003956
2.051670	0.000000
2.056620	0.000000
2.061570	0.000000
2.066520	0.000000
2.071469	0.000000
2.076419	0.000000
2.081369	0.000000
2.086319	0.000000
2.091268	0.000000
2.096218	0.000000
2.101168	0.000000
2.106118	0.000000
2.111067	0.000000
2.116017	0.000000
2.120967	0.000000
2.125917	0.000000
2.130866	0.000000
2.135816	0.000000
2.140766	0.000000
2.145716	0.000000
2.150665	0.000000
2.155615	0.000000
2.160565	0.000000
2.165515	0.000000
2.170464	0.003518
2.175414	0.000000
2.180364	0.000000
2.185314	0.000000
2.190263	0.000000
2.195213	0.000000
2.200163	0.000000
2.205113	0.000000
2.210062	0.003393
2.215012	0.000000
2.219962	0.003363
2.224912	0.006695
2.229861	0.003333
2.234811	54.559109
2.239761	0.033034
2.244710	0.000000
2.249660	0.009823
2.254610	0.000000
2.259560	0.003246
2.264509	0.000000
2.269459	0.000000
2.274409	0.000000
2.279359	0.000000
2.284308	0.000000
2.289258	0.000000
2.294208	0.000000
2.299158	0.003135
2.304107	0.000000
2.309057	0.000000
2.314007	0.000000
2.318957	0.000000
2.323906	0.000000
2.328856	0.000000
2.333806	0.000000
2.338756	0.000000
2.343705	0.000000
2.348655	0.000000
2.353605	0.000000
2.358555	0.000000
2.363504	0.000000
2.368454	0.000000
2.373404	0.000000
2.378354	0.000000
2.383303	0.000000
2.388253	0.000000
2.393203	0.000000
2.398153	0.002881
2.403102	0.000000
2.408052	0.002858
2.413002	0.000000
2.417952	0.000000
2.422901	0.000000
2.427851	0.000000
2.432801	0.002800
2.437751	0.002789
2.442700	0.011109
2.447650	15.114015
2.452600	0.022040
2.457550	0.010975
2.462499	0.005466
2.467449	0.000000
2.472399	0.000000
2.477349	0.000000
2.482298	0.000000
2.487248	0.000000
2.492198	0.002668
2.497148	0.000000
2.502097	0.002647
2.507047	0.000000
2.511997	0.000000
2.516947	0.000000
2.521896	0.000000
2.526846	0.000000
2.531796	0.000000
2.536746	0.000000
2.541695	0.000000
2.546645	0.000000
2.551595	0.000000
2.556545	0.000000
2.561494	0.000000
2.566444	0.000000
2.571394	0.002506
2.576344	0.000000
2.581293	0.000000
2.586243	0.004955
2.591193	0.002468
2.596143	0.002459
2.601092	0.000000
2.606042	0.002440
2.610992	0.000000
2.615942	0.000000
2.620891	0.007238
2.625841	0.012017
2.630791	0.009578
2.635741	0.023854
2.640690	0.047529
2.645640	77.713748
2.650590	0.063686
2.655540	0.021150
2.660489	0.011706
2.665439	0.013995
2.670389	0.006972
2.675339	0.000000
2.680288	0.000000
2.685238	0.002298
2.690188	0.000000
2.695138	0.002281
2.700087	0.002273
2.705037	0.004530
2.709987	0.000000
2.714937	0.000000
2.719886	0.002240
2.724836	0.000000
2.729786	0.000000
2.734735	0.000000
2.739685	0.000000
2.744635	0.000000
2.749585	0.000000
2.754534	0.000000
2.759484	0.000000
2.764434	0.000000
2.769384	0.000000
2.774333	0.000000
2.779283	0.000000
2.784233	0.000000
2.789183	0.000000
2.794132	0.000000
2.799082	0.000000
2.804032	0.000000
2.808982	0.000000
2.813931	0.000000
2.818881	0.000000
2.823831	0.000000
2.828781	8.524024
2.833730	0.000000
2.838680	0.000000
2.843630	0.000000
2.848580	0.000000
2.853529	0.000000
2.858479	0.000000
2.863429	0.000000
2.868379	0.000000
2.873328	0.000000
2.878278	0.000000
2.883228	0.000000
2.888178	0.000000
2.893127	0.000000
2.898077	0.000000
2.903027	0.000000
2.907977	0.000000
2.912926	0.000000
2.917876	0.000000
2.922826	0.000000
2.927776	0.000000
2.932725	0.003853
2.937675	0.000000
2.942625	0.000000
2.947575	0.000000
2.952524	0.000000
2.957474	0.000000
2.962424	0.000000
2.967374	0.001882
2.972323	0.000000
2.977273	0.003739
2.982223	0.003727
2.987173	0.013000
2.992122	0.005553
2.997072	0.038743
3.002022	45.306787
3.006972	0.009164
3.011921	0.010961
3.016871	0.003642
3.021821	0.001815
3.026771	0.003618
3.031720	0.001803
3.036670	0.000000
3.041620	0.000000
3.046570	0.000000
3.051519	0.000000
3.056469	0.000000
3.061419	0.000000
3.066369	0.001762
3.071318	0.001757
3.076268	0.000000
3.081218	0.000000
3.086168	0.000000
3.091117	0.000000
3.096067	0.000000
3.101017	0.001723
3.105967	0.000000
3.110916	0.000000
3.115866	0.000000
3.120816	0.000000
3.125766	0.000000
3.130715	0.000000
3.135665	0.000000
3.140615	0.003360
3.145565	0.000000
3.150514	0.003339
3.155464	0.004993
3.160414	27.261139
3.165364	0.029771
3.170313	0.003298
3.175263	0.003287
3.180213	0.000000
3.185163	0.003267
3.190112	0.000000
3.195062	0.000000
3.200012	0.000000
3.204962	0.000000
3.209911	0.000000
3.214861	0.000000
3.219811	0.000000
3.224760	0.001594
3.229710	0.000000
3.234660	0.000000
3.239610	0.000000
3.244559	0.000000
3.249509	0.000000
3.254459	0.000000
3.259409	0.001560
3.264358	0.000000
3.269308	0.001550
3.274258	0.001546
3.279208	0.000000
3.284157	0.001536
3.289107	0.001532
3.294057	0.001527
3.299007	0.003045
3.303956	0.001518
3.308906	0.016649
3.313856	0.037726
3.318806	24.672981
3.323755	0.012001
3.328705	0.005982
3.333655	0.002982
3.338605	0.001487
3.343554	0.001482
3.348504	0.001478
3.353454	0.000000
3.358404	0.001469
3.363353	0.001465
3.368303	0.000000
3.373253	0.001456
3.378203	0.000000
3.383152	0.000000
3.388102	0.001444
3.393052	0.000000
3.398002	0.000000
3.402951	0.001431
3.407901	0.000000
3.412851	0.000000
3.417801	0.000000
3.422750	0.000000
3.427700	0.001410
3.432650	0.001406
3.437600	0.001402
3.442549	0.004195
3.447499	0.000000
3.452449	0.008342
3.457399	0.013863
3.462348	22.659918
3.467298	0.042731
3.472248	0.008247
3.477198	0.004112
3.482147	0.001367
3.487097	0.002726
3.492047	0.001359
3.496997	0.001355
3.501946	0.001351
3.506896	0.000000
3.511846	0.000000
3.516796	0.000000
3.521745	0.000000
3.526695	0.001332
3.531645	0.001329
3.536595	0.001325
3.541544	0.001321
3.546494	0.001318
3.551444	0.000000
3.556394	0.001310
3.561343	0.001307
3.566293	0.002606
3.571243	0.000000
3.576193	0.002592
3.581142	0.002584
3.586092	0.001289
3.591042	0.008995
3.595992	0.021786
3.600941	0.020448
3.605891	62.819246
3.610841	0.024149
3.615791	0.016478
3.620740	0.008849
3.625690	0.002521
3.630640	0.001257
3.635590	0.002508
3.640539	0.000000
3.645489	0.002494
3.650439	0.001244
3.655389	0.001240
3.660338	0.000000
3.665288	0.001234
3.670238	0.000000
3.675188	0.001227
3.680137	0.001224
3.685087	0.000000
3.690037	0.000000
3.694987	0.000000
3.699936	0.000000
3.704886	0.000000
3.709836	0.000000
3.714785	0.000000
3.719735	0.000000
3.724685	0.000000
3.729635	0.000000
3.734584	0.000000
3.739534	0.000000
3.744484	0.000000
3.749434	0.000000
3.754383	0.000000
3.759333	0.000000
3.764283	0.000000
3.769233	0.000000
3.774182	0.000000
3.779132	0.000000
3.784082	0.000000
3.789032	0.001154
3.793981	0.000000
3.798931	0.000000
3.803881	0.002291
3.808831	0.001142
3.813780	0.000000
3.818730	0.000000
3.823680	0.000000
3.828630	0.000000
3.833579	0.000000
3.838529	0.000000
3.843479	0.002244
3.848429	0.004476
3.853378	0.000000
3.858328	0.010019
3.863278	0.006662
3.868228	0.017720
3.873177	36.286249
3.878127	0.015426
3.883077	0.009891
3.888027	0.006577
3.892976	0.000000
3.897926	0.004363
3.902876	0.001088
3.907826	0.001085
3.912775	0.000000
3.917725	0.000000
3.922675	0.000000
3.927625	0.000000
3.932574	0.000000
3.937524	0.001069
3.942474	0.002132
3.947424	0.000000
3.952373	0.000000
3.957323	0.001058
3.962273	0.000000
3.967223	0.001053
3.972172	0.000000
3.977122	0.000000
3.982072	0.000000
3.987022	0.001042
3.991971	0.002080
3.996921	0.004149
4.001871	8.504735
4.006821	0.003097
4.011770	0.001030
4.016720	0.000000
4.021670	0.000000
4.026620	0.000000
4.031569	0.000000
4.036519	0.001017
4.041469	0.000000
4.046419	0.000000
4.051368	0.000000
4.056318	0.000000
4.061268	0.000000
4.066218	0.000000
4.071167	0.000000
4.076117	0.000997
4.081067	0.000995
4.086017	0.000993
4.090966	0.001980
4.095916	0.001976
4.100866	0.000000
4.105816	0.000983
4.110765	0.004903
4.115715	0.012718
4.120665	31.997923
4.125615	0.086652
4.130564	0.015541
4.135514	0.001938
4.140464	0.001933
4.145414	0.000000
4.150363	0.001924
4.155313	0.001920
4.160263	0.000957
4.165213	0.000955
4.170162	0.000953
4.175112	0.000000
4.180062	0.000000
4.185012	0.000946
4.189961	0.000944
4.194911	0.000000
4.199861	0.000940
4.204811	0.000000
4.209760	0.000935
4.214710	0.000000
4.219660	0.000931
4.224609	0.001857
4.229559	0.001853
4.234509	0.011090
4.239459	0.017519
4.244408	18.872363
4.249358	0.010095
4.254308	0.004578
4.259258	0.001827
4.264207	0.001823
4.269157	0.000000
4.274107	0.000000
4.279057	0.000905
4.284006	0.000903
4.288956	0.002703
4.293906	0.000899
4.298856	0.000897
4.303805	0.001789
4.308755	0.000000
4.313705	0.000000
4.318655	0.002666
4.323604	0.000000
4.328554	0.000000
4.333504	0.001765
4.338454	0.004402
4.343403	0.007027
4.348353	0.008764
4.353303	0.023610
4.358253	42.959693
4.363202	0.047876
4.368152	0.009554
4.373102	0.009532
4.378052	0.002594
4.383001	0.003451
4.387951	0.000000
4.392901	0.000000
4.397851	0.000857
4.402800	0.001710
4.407750	0.000853
4.412700	0.000851
4.417650	0.000000
4.422599	0.000847
4.427549	0.000845
4.432499	0.001687
4.437449	0.000000
4.442398	0.000000
4.447348	0.000838
4.452298	0.000000
4.457248	0.001668
4.462197	0.000832
4.467147	0.002491
4.472097	13.628832
4.477047	0.002480
4.481996	0.001650
4.486946	0.000823
4.491896	0.000000
4.496846	0.000820
4.501795	0.000000
4.506745	0.000000
4.511695	0.000000
4.516645	0.000812
4.521594	0.000811
4.526544	0.000809
4.531494	0.000807
4.536444	0.000000
4.541393	0.001607
4.546343	0.000802
4.551293	0.000000
4.556243	0.000000
4.561192	0.001593
4.566142	0.003974
4.571092	0.005552
4.576042	0.012662
4.580991	25.913222
4.585941	0.036247
4.590891	0.011794
4.595841	0.003923
4.600790	0.002349
4.605740	0.002344
4.610690	0.000000
4.615640	0.000000
4.620589	0.000776
4.625539	0.001549
4.630489	0.000000
4.635439	0.000771
4.640388	0.000770
4.645338	0.000768
4.650288	0.000766
4.655238	0.000000
4.660187	0.000000
4.665137	0.002284
4.670087	0.000760
4.675037	0.002275
4.679986	0.004540
4.684936	0.006795
4.689886	12.365308
4.694836	0.009774
4.699785	0.004502
4.704735	0.002246
4.709685	0.000000
4.714634	0.003728
4.719584	0.000000
4.724534	0.000000
4.729484	0.000741
4.734433	0.000000
4.739383	0.000000
4.744333	0.000000
4.749283	0.000735
4.754232	0.000733
4.759182	0.002195
4.764132	0.000000
4.769082	0.000729
4.774031	0.001454
4.778981	0.001451
4.783931	0.007241
4.788881	0.010839
4.793830	23.657515
4.798780	0.040299
4.803730	0.010054
4.808680	0.004300
4.813629	0.001430
4.818579	0.001427
4.823529	0.000000
4.828479	0.000000
4.833428	0.001419
4.838378	0.000708
4.843328	0.000706
4.848278	0.000000
4.853227	0.000000
4.858177	0.000000
4.863127	0.001401
4.868077	0.000699
4.873026	0.000000
4.877976	0.000696
4.882926	0.000000
4.887876	0.000694
4.892825	0.004846
4.897775	3.773305
4.902725	0.006894
4.907675	0.002064
4.912624	0.000687
4.917574	0.000000
4.922524	0.000000
4.927474	0.000000
4.932423	0.001362
4.937373	0.000680
4.942323	0.000000
4.947273	0.000000
